Scan	  Chan 1	

1	5.60516	
2	5.71869	
3	5.64209	
4	5.67902	
5	5.62439	
6	5.60944	
7	5.66254	
8	5.64026	
9	5.71228	
10	5.625	
11	5.59784	
12	5.70099	
13	5.64819	
14	5.67535	
15	5.61981	
16	5.61218	
17	5.69336	
18	5.64301	
19	5.6897	
20	5.62286	
21	5.59875	
22	5.68024	
23	5.65033	
24	5.70038	
25	5.61371	
26	5.60516	
27	5.71198	
28	5.64301	
29	5.6778	
30	5.62592	
31	5.60577	
32	5.67139	
33	5.64301	
34	5.71228	
35	5.61249	
36	5.59784	
37	5.69275	
38	5.65186	
39	5.67566	
40	5.61615	
41	5.61096	
42	5.69885	
43	5.64423	
44	5.69397	
45	5.62408	
46	5.60211	
47	5.67841	
48	5.64728	
49	5.69824	
50	5.61462	
51	5.60425	
52	5.70679	
53	5.64148	
54	5.67566	
55	5.62958	
56	5.61371	
57	5.66711	
58	5.6424	
59	5.70892	
60	5.61157	
61	5.6015	
62	5.70068	
63	5.64789	
64	5.68024	
65	5.62042	
66	5.61096	
67	5.69702	
68	5.64362	
69	5.68756	
70	5.62317	
71	5.60059	
72	5.67261	
73	5.65094	
74	5.69733	
75	5.61371	
76	5.60303	
77	5.70984	
78	5.64819	
79	5.67749	
80	5.62378	
81	5.60608	
82	5.66895	
83	5.64575	
84	5.70862	
85	5.6192	
86	5.6012	
87	5.69275	
88	5.64728	
89	5.67932	
90	5.61554	
91	5.61401	
92	5.69611	
93	5.64484	
94	5.68726	
95	5.62225	
96	5.59906	
97	5.67047	
98	5.64941	
99	5.70129	
100	5.61249	
101	5.60394	
102	5.71106	
103	5.64667	
104	5.67902	
105	5.62408	
106	5.60486	
107	5.66925	
108	5.64453	
109	5.70953	
110	5.62103	
111	5.59998	
112	5.69061	
113	5.64606	
114	5.68024	
115	5.61218	
116	5.61127	
117	5.69427	
118	5.64575	
119	5.68665	
120	5.62622	
121	5.60303	
122	5.67841	
123	5.64972	
124	5.6955	
125	5.61157	
126	5.59998	
127	5.71014	
128	5.64911	
129	5.67627	
130	5.62073	
131	5.60974	
132	5.67383	
133	5.64514	
134	5.70923	
135	5.61951	
136	5.59998	
137	5.6839	
138	5.64758	
139	5.67993	
140	5.61646	
141	5.61005	
142	5.69885	
143	5.64209	
144	5.6897	
145	5.61859	
146	5.60486	
147	5.67719	
148	5.65155	
149	5.69885	
150	5.61707	
151	5.60516	
152	5.71198	
153	5.64819	
154	5.67322	
155	5.6189	
156	5.60913	
157	5.67383	
158	5.64117	
159	5.7074	
160	5.61676	
161	5.59845	
162	5.6897	
163	5.64941	
164	5.67841	
165	5.61554	
166	5.61188	
167	5.70953	
168	5.63965	
169	5.6839	
170	5.62469	
171	5.60516	
172	5.67474	
173	5.64972	
174	5.69946	
175	5.61127	
176	5.60303	
177	5.70709	
178	5.64514	
179	5.67169	
180	5.62225	
181	5.60974	
182	5.67841	
183	5.64056	
184	5.71198	
185	5.62653	
186	5.60059	
187	5.68237	
188	5.6485	
189	5.68726	
190	5.61188	
191	5.61096	
192	5.70312	
193	5.64148	
194	5.68481	
195	5.62225	
196	5.60547	
197	5.67627	
198	5.64972	
199	5.7016	
200	5.61523	
201	5.60333	
202	5.72388	
203	5.64941	
204	5.67719	
205	5.61676	
206	5.61035	
207	5.68207	
208	5.64209	
209	5.70892	
210	5.6189	
211	5.59906	
212	5.68848	
213	5.64789	
214	5.69031	
215	5.61554	
216	5.61432	
217	5.70251	
218	5.64026	
219	5.68024	
220	5.62836	
221	5.60394	
222	5.66772	
223	5.64758	
224	5.69946	
225	5.60303	
226	5.60059	
227	5.71075	
228	5.64606	
229	5.67627	
230	5.61371	
231	5.60669	
232	5.67932	
233	5.64392	
234	5.70587	
235	5.6192	
236	5.59814	
237	5.69397	
238	5.65369	
239	5.69275	
240	5.61005	
241	5.60852	
242	5.70404	
243	5.64209	
244	5.68451	
245	5.62286	
246	5.60699	
247	5.68146	
248	5.6485	
249	5.7016	
250	5.60974	
251	5.60242	
252	5.71655	
253	5.65186	
254	5.66925	
255	5.61798	
256	5.61371	
257	5.68848	
258	5.64301	
259	5.70496	
260	5.61859	
261	5.59875	
262	5.68695	
263	5.64972	
264	5.69122	
265	5.61707	
266	5.61432	
267	5.69946	
268	5.6424	
269	5.67963	
270	5.62378	
271	5.61005	
272	5.67566	
273	5.64789	
274	5.7077	
275	5.61249	
276	5.60059	
277	5.71625	
278	5.65216	
279	5.67108	
280	5.61859	
281	5.60822	
282	5.68878	
283	5.64423	
284	5.70892	
285	5.61798	
286	5.5954	
287	5.68451	
288	5.65369	
289	5.69427	
290	5.61493	
291	5.61371	
292	5.70892	
293	5.64362	
294	5.68024	
295	5.62012	
296	5.60577	
297	5.66406	
298	5.64667	
299	5.70801	
300	5.62134	
301	5.59998	
302	5.71289	
303	5.6485	
304	5.66986	
305	5.61523	
306	5.61249	
307	5.69122	
308	5.64728	
309	5.70251	
310	5.61951	
311	5.5957	
312	5.6778	
313	5.64972	
314	5.69427	
315	5.60913	
316	5.61066	
317	5.70465	
318	5.64423	
319	5.68298	
320	5.625	
321	5.6073	
322	5.67291	
323	5.64758	
324	5.70129	
325	5.61005	
326	5.60181	
327	5.7077	
328	5.64819	
329	5.67017	
330	5.61249	
331	5.61584	
332	5.69794	
333	5.63995	
334	5.69977	
335	5.61951	
336	5.59998	
337	5.69092	
338	5.65369	
339	5.69427	
340	5.61218	
341	5.60791	
342	5.70465	
343	5.64514	
344	5.68115	
345	5.61951	
346	5.60486	
347	5.67505	
348	5.64728	
349	5.70557	
350	5.61157	
351	5.60608	
352	5.70679	
353	5.64972	
354	5.67169	
355	5.61279	
356	5.61279	
357	5.69641	
358	5.64301	
359	5.69946	
360	5.62042	
361	5.59784	
362	5.67932	
363	5.65033	
364	5.69794	
365	5.61005	
366	5.61157	
367	5.71075	
368	5.64484	
369	5.67719	
370	5.61859	
371	5.60913	
372	5.67871	
373	5.64423	
374	5.7077	
375	5.6192	
376	5.59937	
377	5.71167	
378	5.65002	
379	5.6665	
380	5.61279	
381	5.61127	
382	5.70007	
383	5.64545	
384	5.69519	
385	5.61615	
386	5.60059	
387	5.6842	
388	5.6485	
389	5.69427	
390	5.60974	
391	5.61035	
392	5.71198	
393	5.64362	
394	5.67719	
395	5.62042	
396	5.60791	
397	5.66925	
398	5.64331	
399	5.71014	
400	5.61951	
401	5.60181	
402	5.70435	
403	5.65186	
404	5.66986	
405	5.60913	
406	5.60944	
407	5.6958	
408	5.64209	
409	5.69153	
410	5.62378	
411	5.59814	
412	5.6842	
413	5.6543	
414	5.69336	
415	5.60425	
416	5.60486	
417	5.71106	
418	5.64667	
419	5.67566	
420	5.62286	
421	5.60913	
422	5.68176	
423	5.64484	
424	5.7016	
425	5.61401	
426	5.59967	
427	5.70953	
428	5.64911	
429	5.66833	
430	5.60974	
431	5.61584	
432	5.69794	
433	5.64423	
434	5.69305	
435	5.6192	
436	5.59814	
437	5.6897	
438	5.65186	
439	5.69733	
440	5.61035	
441	5.6073	
442	5.7077	
443	5.64453	
444	5.67474	
445	5.61798	
446	5.60699	
447	5.66528	
448	5.64606	
449	5.70831	
450	5.6015	
451	5.59998	
452	5.70007	
453	5.64758	
454	5.67352	
455	5.60852	
456	5.61096	
457	5.69885	
458	5.64148	
459	5.69031	
460	5.61279	
461	5.59906	
462	5.67871	
463	5.65247	
464	5.70007	
465	5.60394	
466	5.61401	
467	5.69794	
468	5.64545	
469	5.67535	
470	5.6189	
471	5.60944	
472	5.67535	
473	5.64209	
474	5.71014	
475	5.61371	
476	5.6012	
477	5.70068	
478	5.64819	
479	5.672	
480	5.60669	
481	5.61707	
482	5.69611	
483	5.64514	
484	5.68787	
485	5.60822	
486	5.60333	
487	5.69489	
488	5.65033	
489	5.69275	
490	5.60852	
491	5.60608	
492	5.71106	
493	5.63995	
494	5.66956	
495	5.6189	
496	5.61066	
497	5.67749	
498	5.64819	
499	5.70435	
500	5.61371	
501	5.59998	
502	5.69916	
503	5.65308	
504	5.6778	
505	5.61218	
506	5.60913	
507	5.70404	
508	5.6424	
509	5.68298	
510	5.61981	
511	5.60181	
512	5.68329	
513	5.65399	
514	5.69824	
515	5.60669	
516	5.60333	
517	5.71503	
518	5.64484	
519	5.67444	
520	5.61493	
521	5.61127	
522	5.67535	
523	5.64575	
524	5.70801	
525	5.61554	
526	5.6012	
527	5.70068	
528	5.64545	
529	5.67139	
530	5.61066	
531	5.61646	
532	5.70374	
533	5.64453	
534	5.68451	
535	5.61554	
536	5.60272	
537	5.67993	
538	5.64911	
539	5.69458	
540	5.60272	
541	5.60699	
542	5.71625	
543	5.64758	
544	5.66742	
545	5.61798	
546	5.60913	
547	5.67169	
548	5.64362	
549	5.71167	
550	5.61249	
551	5.60242	
552	5.69519	
553	5.64911	
554	5.67902	
555	5.60913	
556	5.61432	
557	5.69092	
558	5.64331	
559	5.67871	
560	5.61432	
561	5.60181	
562	5.68268	
563	5.65063	
564	5.69489	
565	5.60333	
566	5.60547	
567	5.71228	
568	5.64819	
569	5.67352	
570	5.60913	
571	5.61279	
572	5.67352	
573	5.64514	
574	5.70557	
575	5.60944	
576	5.60181	
577	5.69061	
578	5.64819	
579	5.6781	
580	5.6076	
581	5.6192	
582	5.70862	
583	5.64423	
584	5.67902	
585	5.61981	
586	5.60608	
587	5.68634	
588	5.64758	
589	5.69855	
590	5.60974	
591	5.60516	
592	5.72083	
593	5.64606	
594	5.67413	
595	5.61401	
596	5.61218	
597	5.66345	
598	5.64423	
599	5.70404	
600	5.6192	
601	5.59906	
602	5.69153	
603	5.64392	
604	5.67535	
605	5.60669	
606	5.61554	
607	5.70068	
608	5.63995	
609	5.67932	
610	5.61676	
611	5.60608	
612	5.67383	
613	5.6543	
614	5.69916	
615	5.60638	
616	5.60211	
617	5.71991	
618	5.64972	
619	5.66864	
620	5.61462	
621	5.61554	
622	5.68787	
623	5.64392	
624	5.70312	
625	5.61523	
626	5.60181	
627	5.69427	
628	5.65643	
629	5.6839	
630	5.61127	
631	5.61035	
632	5.70221	
633	5.64148	
634	5.68024	
635	5.61768	
636	5.60852	
637	5.67383	
638	5.64972	
639	5.69458	
640	5.6012	
641	5.60272	
642	5.72235	
643	5.64606	
644	5.66833	
645	5.61401	
646	5.61127	
647	5.68298	
648	5.64178	
649	5.70526	
650	5.61615	
651	5.60059	
652	5.68573	
653	5.6485	
654	5.68359	
655	5.61218	
656	5.61676	
657	5.70374	
658	5.63965	
659	5.68359	
660	5.6189	
661	5.60822	
662	5.67444	
663	5.64972	
664	5.70099	
665	5.60577	
666	5.60394	
667	5.71594	
668	5.64575	
669	5.66925	
670	5.61188	
671	5.61218	
672	5.68207	
673	5.64484	
674	5.70587	
675	5.60486	
676	5.6012	
677	5.68176	
678	5.65033	
679	5.68542	
680	5.6073	
681	5.61493	
682	5.70862	
683	5.63965	
684	5.67871	
685	5.61554	
686	5.6076	
687	5.68024	
688	5.64789	
689	5.69855	
690	5.60638	
691	5.61218	
692	5.71594	
693	5.65002	
694	5.6665	
695	5.61066	
696	5.61218	
697	5.68024	
698	5.64484	
699	5.7077	
700	5.61523	
701	5.5957	
702	5.68787	
703	5.65247	
704	5.68787	
705	5.61066	
706	5.6134	
707	5.69885	
708	5.64667	
709	5.67688	
710	5.61676	
711	5.61035	
712	5.67749	
713	5.64911	
714	5.69702	
715	5.61066	
716	5.60303	
717	5.72266	
718	5.65155	
719	5.67139	
720	5.60944	
721	5.60944	
722	5.69122	
723	5.64789	
724	5.69916	
725	5.61707	
726	5.59998	
727	5.68787	
728	5.65338	
729	5.68817	
730	5.60608	
731	5.61279	
732	5.70862	
733	5.64209	
734	5.67719	
735	5.61462	
736	5.60852	
737	5.67169	
738	5.6485	
739	5.69183	
740	5.60181	
741	5.60303	
742	5.72449	
743	5.6488	
744	5.66498	
745	5.61615	
746	5.61523	
747	5.70374	
748	5.64362	
749	5.70221	
750	5.61218	
751	5.60303	
752	5.68604	
753	5.64789	
754	5.68909	
755	5.61249	
756	5.60944	
757	5.70892	
758	5.64087	
759	5.6778	
760	5.61584	
761	5.61005	
762	5.67078	
763	5.64606	
764	5.69672	
765	5.60669	
766	5.60608	
767	5.70923	
768	5.64667	
769	5.66925	
770	5.60944	
771	5.61493	
772	5.69122	
773	5.64423	
774	5.70557	
775	5.61279	
776	5.59967	
777	5.6842	
778	5.65521	
779	5.68756	
780	5.60425	
781	5.61157	
782	5.70282	
783	5.64056	
784	5.67627	
785	5.61676	
786	5.61462	
787	5.67169	
788	5.64575	
789	5.70038	
790	5.6015	
791	5.60425	
792	5.71838	
793	5.65186	
794	5.66833	
795	5.6073	
796	5.61371	
797	5.69641	
798	5.64789	
799	5.69519	
800	5.61462	
801	5.59937	
802	5.68726	
803	5.64514	
804	5.68634	
805	5.60516	
806	5.61768	
807	5.70984	
808	5.64606	
809	5.67535	
810	5.61493	
811	5.60974	
812	5.67261	
813	5.64484	
814	5.70251	
815	5.60364	
816	5.60394	
817	5.70892	
818	5.64545	
819	5.66437	
820	5.6076	
821	5.61615	
822	5.69427	
823	5.6424	
824	5.69672	
825	5.61798	
826	5.6012	
827	5.68237	
828	5.65033	
829	5.69092	
830	5.60242	
831	5.60974	
832	5.71075	
833	5.64514	
834	5.67963	
835	5.61279	
836	5.61188	
837	5.67291	
838	5.64972	
839	5.70007	
840	5.60516	
841	5.59998	
842	5.70099	
843	5.64606	
844	5.66681	
845	5.6073	
846	5.61554	
847	5.70312	
848	5.64331	
849	5.69305	
850	5.60944	
851	5.59723	
852	5.68665	
853	5.65186	
854	5.68634	
855	5.60364	
856	5.60852	
857	5.70862	
858	5.64514	
859	5.672	
860	5.61676	
861	5.60974	
862	5.68329	
863	5.64362	
864	5.7016	
865	5.60547	
866	5.60394	
867	5.70862	
868	5.64819	
869	5.66772	
870	5.60791	
871	5.61829	
872	5.6958	
873	5.63904	
874	5.68878	
875	5.61493	
876	5.60089	
877	5.67688	
878	5.65002	
879	5.69122	
880	5.60272	
881	5.61188	
882	5.71228	
883	5.64819	
884	5.67413	
885	5.61493	
886	5.61127	
887	5.66742	
888	5.64636	
889	5.70038	
890	5.60547	
891	5.60699	
892	5.70251	
893	5.64667	
894	5.66589	
895	5.60669	
896	5.61462	
897	5.7016	
898	5.64178	
899	5.68787	
900	5.61035	
901	5.59967	
902	5.6842	
903	5.65063	
904	5.69305	
905	5.61523	
906	5.60852	
907	5.70679	
908	5.64575	
909	5.67078	
910	5.61157	
911	5.60944	
912	5.66467	
913	5.64606	
914	5.69946	
915	5.60852	
916	5.60333	
917	5.69977	
918	5.64972	
919	5.66833	
920	5.60638	
921	5.61188	
922	5.70526	
923	5.64453	
924	5.68268	
925	5.61279	
926	5.59998	
927	5.67719	
928	5.65063	
929	5.69	
930	5.60272	
931	5.61066	
932	5.71136	
933	5.64514	
934	5.67413	
935	5.61371	
936	5.61432	
937	5.67474	
938	5.64819	
939	5.70251	
940	5.61035	
941	5.60242	
942	5.70312	
943	5.64789	
944	5.67047	
945	5.60638	
946	5.61127	
947	5.69519	
948	5.64453	
949	5.68237	
950	5.61127	
951	5.60059	
952	5.66956	
953	5.65094	
954	5.69122	
955	5.6012	
956	5.60303	
957	5.71228	
958	5.64301	
959	5.67352	
960	5.60852	
961	5.61249	
962	5.67749	
963	5.6488	
964	5.70374	
965	5.61096	
966	5.6012	
967	5.69702	
968	5.6488	
969	5.67139	
970	5.6076	
971	5.61157	
972	5.70343	
973	5.6424	
974	5.68329	
975	5.61066	
976	5.60181	
977	5.68176	
978	5.6488	
979	5.69061	
980	5.60272	
981	5.60547	
982	5.7251	
983	5.64606	
984	5.66956	
985	5.61218	
986	5.61218	
987	5.68207	
988	5.64026	
989	5.69977	
990	5.6073	
991	5.60272	
992	5.69305	
993	5.64819	
994	5.67413	
995	5.60669	
996	5.61676	
997	5.70343	
998	5.64209	
999	5.68298	
1000	5.6189	
