Scan	  Chan 1	

1	-3.68805	
2	-4.00604	
3	-3.96912	
4	-3.90503	
5	-4.02435	
6	-4.06799	
7	-3.99384	
8	-3.99109	
9	-4.10919	
10	-3.9444	
11	-3.62549	
12	-4.09271	
13	-3.87939	
14	-4.08447	
15	-3.64777	
16	-4.02161	
17	-4.01123	
18	-4.09332	
19	-3.86322	
20	-3.72559	
21	-3.76007	
22	-4.08569	
23	-4.07959	
24	-4.11438	
25	-4.07501	
26	-4.01428	
27	-3.83148	
28	-3.95782	
29	-4.09607	
30	-4.0918	
31	-3.83698	
32	-4.0509	
33	-4.11621	
34	-4.00604	
35	-4.00726	
36	-4.09912	
37	-4.13971	
38	-3.92731	
39	-3.81256	
40	-3.9743	
41	-4.10583	
42	-4.08844	
43	-3.97552	
44	-3.8559	
45	-4.11163	
46	-4.07135	
47	-3.91571	
48	-3.96912	
49	-4.0274	
50	-4.10461	
51	-4.06921	
52	-4.05701	
53	-4.03503	
54	-4.02527	
55	-4.10797	
56	-3.93738	
57	-4.05884	
58	-4.06647	
59	-4.05121	
60	-4.09119	
61	-3.91205	
62	-4.05426	
63	-3.95874	
64	-3.98041	
65	-4.11102	
66	-3.34503	
67	-3.97888	
68	-3.79883	
69	-4.19678	
70	-4.07196	
71	-3.93677	
72	-4.01398	
73	-4.12598	
74	-4.16351	
75	-4.00574	
76	-4.11713	
77	-3.97247	
78	-4.07776	
79	-4.01642	
80	-3.909	
81	-4.1098	
82	-3.9566	
83	-3.98468	
84	-4.08356	
85	-3.72772	
86	-3.9679	
87	-4.02466	
88	-4.11469	
89	-4.17969	
90	-3.98315	
91	-4.13788	
92	-3.91541	
93	-4.09027	
94	-3.96332	
95	-4.01794	
96	-3.75763	
97	-4.03381	
98	-4.07837	
99	-3.75427	
100	-3.89404	
101	-3.8028	
102	-3.98132	
103	-4.04633	
104	-3.93768	
105	-3.92334	
106	-3.88947	
107	-3.90137	
108	-3.76709	
109	-3.9563	
110	-3.96698	
111	-4.02161	
112	-4.06708	
113	-4.00177	
114	-3.9386	
115	-4.11133	
116	-4.05396	
117	-3.76404	
118	-4.03229	
119	-3.99689	
120	-4.00574	
121	-3.97766	
122	-4.0097	
123	-3.93463	
124	-3.52753	
125	-4.00787	
126	-3.84674	
127	-4.22394	
128	-4.06952	
129	-3.6438	
130	-3.85925	
131	-4.04572	
132	-3.91907	
133	-4.14398	
134	-4.0033	
135	-3.93219	
136	-3.98834	
137	-4.05518	
138	-4.02039	
139	-4.11316	
140	-4.2276	
141	-4.0509	
142	-3.69904	
143	-4.13849	
144	-4.01215	
145	-4.05884	
146	-4.09515	
147	-3.91571	
148	-4.04846	
149	-3.84796	
150	-4.13269	
151	-4.00574	
152	-3.99933	
153	-3.98651	
154	-4.10217	
155	-3.95691	
156	-4.03564	
157	-4.0213	
158	-4.0976	
159	-3.88306	
160	-3.95935	
161	-3.96484	
162	-4.02954	
163	-3.80554	
164	-3.974	
165	-4.01703	
166	-3.96393	
167	-3.96149	
168	-3.91144	
169	-4.1394	
170	-3.88397	
171	-3.99963	
172	-3.71216	
173	-3.92731	
174	-4.10736	
175	-3.96851	
176	-4.01642	
177	-3.59161	
178	-3.49701	
179	-4.0329	
180	-3.55682	
181	-4.09515	
182	-4.10431	
183	-4.10553	
184	-3.88306	
185	-3.55713	
186	-4.02893	
187	-3.84369	
188	-3.99841	
189	-3.95294	
190	-4.03809	
191	-4.11407	
192	-4.03503	
193	-4.09607	
194	-3.99536	
195	-4.11133	
196	-4.0329	
197	-4.06189	
198	-3.70544	
199	-4.03473	
200	-4.04236	
201	-4.01733	
202	-3.88977	
203	-3.78723	
204	-3.92639	
205	-4.08051	
206	-3.95721	
207	-3.60565	
208	-4.03534	
209	-4.08722	
210	-3.99841	
211	-3.74542	
212	-4.04175	
213	-3.87573	
214	-4.08081	
215	-4.10217	
216	-3.96454	
217	-4.03137	
218	-4.05304	
219	-4.00177	
220	-3.8446	
221	-3.86902	
222	-4.0976	
223	-4.3222	
224	-4.19373	
225	-4.09149	
226	-4.07532	
227	-4.03381	
228	-4.07806	
229	-4.03137	
230	-4.039	
231	-4.07227	
232	-4.04755	
233	-3.79913	
234	-3.76221	
235	-4.1275	
236	-4.00024	
237	-4.02283	
238	-4.02802	
239	-4.07654	
240	-3.93127	
241	-3.87665	
242	-3.97766	
243	-4.06708	
244	-4.05487	
245	-4.04236	
246	-4.06616	
247	-4.03961	
248	-3.89984	
249	-4.07043	
250	-4.13055	
251	-3.98285	
252	-4.06586	
253	-4.02466	
254	-4.03168	
255	-3.97827	
256	-3.82477	
257	-4.01001	
258	-3.97186	
259	-4.24683	
260	-3.92212	
261	-4.01154	
262	-3.91022	
263	-4.01031	
264	-3.87909	
265	-3.71338	
266	-3.64532	
267	-4.14124	
268	-3.98499	
269	-4.0097	
270	-4.07318	
271	-4.01459	
272	-3.69385	
273	-3.99139	
274	-3.93127	
275	-3.97186	
276	-3.95966	
277	-4.03351	
278	-3.37311	
279	-3.84064	
280	-4.03656	
281	-3.85132	
282	-3.83606	
283	-4.00665	
284	-3.992	
285	-4.04846	
286	-3.55255	
287	-4.26025	
288	-4.05884	
289	-4.04205	
290	-4.03778	
291	-3.57422	
292	-4.0918	
293	-3.91907	
294	-4.00543	
295	-4.04449	
296	-4.06403	
297	-3.82172	
298	-3.98621	
299	-4.08569	
300	-3.50128	
301	-3.92273	
302	-3.97766	
303	-3.82141	
304	-3.66028	
305	-4.00452	
306	-3.99658	
307	-4.03564	
308	-3.94165	
309	-4.039	
310	-4.04663	
311	-4.08661	
312	-3.54431	
313	-3.80035	
314	-4.03595	
315	-3.60535	
316	-4.15833	
317	-4.0564	
318	-3.95813	
319	-3.89862	
320	-3.87207	
321	-4.0451	
322	-4.07654	
323	-3.9151	
324	-3.97583	
325	-4.00848	
326	-4.1272	
327	-4.05457	
328	-4.01611	
329	-3.99963	
330	-4.00391	
331	-4.07593	
332	-4.02527	
333	-3.99078	
334	-4.00024	
335	-4.03595	
336	-3.96393	
337	-3.96057	
338	-3.91846	
339	-4.09088	
340	-4.03259	
341	-3.992	
342	-3.97797	
343	-4.05792	
344	-4.05914	
345	-3.74847	
346	-4.0152	
347	-3.56689	
348	-4.04175	
349	-4.14246	
350	-3.9502	
351	-3.93616	
352	-4.01367	
353	-3.94257	
354	-4.07135	
355	-3.91479	
356	-3.96881	
357	-4.07227	
358	-4.03534	
359	-3.92273	
360	-4.39331	
361	-3.66364	
362	-3.96484	
363	-3.97858	
364	-4.04419	
365	-3.56476	
366	-4.1156	
367	-4.14948	
368	-3.9798	
369	-4.11346	
370	-4.20227	
371	-4.0976	
372	-3.94745	
373	-4.24133	
374	-4.16504	
375	-4.03931	
376	-3.92273	
377	-4.0921	
378	-3.89008	
379	-4.01306	
380	-4.0274	
381	-3.81561	
382	-4.01031	
383	-3.80066	
384	-4.02985	
385	-4.05457	
386	-4.04449	
387	-4.03351	
388	-3.97278	
389	-3.99445	
390	-3.82233	
391	-4.01001	
392	-3.97675	
393	-4.0271	
394	-3.94867	
395	-4.03229	
396	-4.08051	
397	-4.03015	
398	-4.04602	
399	-4.05396	
400	-4.05853	
401	-3.72406	
402	-4.00116	
403	-4.11041	
404	-3.87543	
405	-4.15131	
406	-3.72284	
407	-3.67767	
408	-4.02435	
409	-3.93616	
410	-4.0271	
411	-3.86322	
412	-4.02435	
413	-3.90533	
414	-3.83423	
415	-4.00818	
416	-3.80951	
417	-4.08051	
418	-3.86993	
419	-4.03473	
420	-4.13361	
421	-4.04144	
422	-4.12903	
423	-4.14307	
424	-3.79944	
425	-4.06769	
426	-4.02863	
427	-3.87848	
428	-3.9566	
429	-3.92609	
430	-3.91907	
431	-3.96729	
432	-3.64288	
433	-3.72986	
434	-4.18549	
435	-4.00146	
436	-3.76465	
437	-4.0686	
438	-4.06189	
439	-4.06036	
440	-3.5379	
441	-3.98438	
442	-3.91937	
443	-4.06677	
444	-4.07135	
445	-4.03168	
446	-4.08478	
447	-3.95477	
448	-4.01459	
449	-3.88275	
450	-4.08569	
451	-4.00848	
452	-3.97369	
453	-3.98407	
454	-3.9151	
455	-3.99353	
456	-4.09637	
457	-4.02985	
458	-3.93982	
459	-3.4848	
460	-3.9093	
461	-4.08936	
462	-4.00299	
463	-4.09149	
464	-3.53699	
465	-4.0332	
466	-3.97217	
467	-4.00848	
468	-4.09088	
469	-4.0033	
470	-4.02039	
471	-3.99658	
472	-4.00208	
473	-3.93524	
474	-3.87848	
475	-3.97369	
476	-4.0799	
477	-4.00269	
478	-3.88672	
479	-3.98743	
480	-4.05853	
481	-3.96851	
482	-4.11224	
483	-4.05609	
484	-4.04785	
485	-3.98926	
486	-4.1394	
487	-3.99963	
488	-3.95874	
489	-4.10461	
490	-4.07837	
491	-3.75305	
492	-3.58459	
493	-4.10461	
494	-3.95142	
495	-3.51746	
496	-4.06342	
497	-3.94928	
498	-3.89679	
499	-4.00787	
500	-3.9859	
501	-4.02863	
502	-4.05029	
503	-4.07562	
504	-4.05792	
505	-3.39935	
506	-3.88824	
507	-3.96881	
508	-3.97614	
509	-3.89954	
510	-3.94806	
511	-4.12811	
512	-4.0448	
513	-4.01245	
514	-4.01978	
515	-3.91632	
516	-3.82019	
517	-4.01093	
518	-3.8559	
519	-4.12415	
520	-3.96576	
521	-4.10919	
522	-4.15009	
523	-4.05334	
524	-4.04846	
525	-3.88733	
526	-3.41309	
527	-3.97308	
528	-3.9389	
529	-4.07135	
530	-4.0448	
531	-4.09058	
532	-4.00421	
533	-4.02008	
534	-3.94318	
535	-4.07074	
536	-3.86383	
537	-4.00452	
538	-3.98529	
539	-4.00604	
540	-4.14642	
541	-4.04999	
542	-3.46283	
543	-4.04968	
544	-4.08569	
545	-4.10614	
546	-4.00726	
547	-4.06921	
548	-3.94897	
549	-4.14734	
550	-3.83301	
551	-4.06342	
552	-4.06982	
553	-4.03107	
554	-4.09424	
555	-4.01611	
556	-4.00269	
557	-4.13605	
558	-4.11713	
559	-3.94348	
560	-4.11713	
561	-3.79547	
562	-4.08722	
563	-3.81287	
564	-3.87177	
565	-4.06311	
566	-4.13757	
567	-4.01917	
568	-3.95935	
569	-4.10889	
570	-4.07623	
571	-4.0152	
572	-3.84705	
573	-4.00604	
574	-4.02863	
575	-4.08875	
576	-4.22852	
577	-4.021	
578	-4.03534	
579	-3.76678	
580	-4.04846	
581	-3.9563	
582	-3.94592	
583	-3.95721	
584	-3.82904	
585	-4.21082	
586	-3.88031	
587	-4.08325	
588	-4.00787	
589	-3.94379	
590	-4.08417	
591	-4.01245	
592	-3.9505	
593	-4.1214	
594	-3.65509	
595	-3.44727	
596	-4.01306	
597	-4.06494	
598	-3.83698	
599	-3.96454	
600	-4.07593	
601	-4.11835	
602	-3.76221	
603	-3.96912	
604	-3.73993	
605	-4.09485	
606	-3.96454	
607	-4.05853	
608	-4.12659	
609	-3.94897	
610	-4.01489	
611	-4.01276	
612	-3.9859	
613	-4.05426	
614	-3.25043	
615	-4.04938	
616	-4.10095	
617	-4.05212	
618	-3.98926	
619	-3.87573	
620	-4.03931	
621	-4.05762	
622	-4.08234	
623	-4.01917	
624	-3.93097	
625	-4.25568	
626	-3.95569	
627	-4.01611	
628	-4.00421	
629	-3.68042	
630	-3.9859	
631	-3.96057	
632	-4.039	
633	-4.02435	
634	-4.1452	
635	-4.14093	
636	-4.1394	
637	-4.02039	
638	-4.06616	
639	-4.04755	
640	-3.91632	
641	-4.11163	
642	-4.10278	
643	-3.85376	
644	-4.03809	
645	-4.09607	
646	-4.08936	
647	-4.11835	
648	-4.14429	
649	-4.26453	
650	-3.9325	
651	-3.95233	
652	-3.98224	
653	-3.90259	
654	-3.76709	
655	-4.11102	
656	-4.17572	
657	-4.07104	
658	-4.03809	
659	-3.91724	
660	-4.05365	
661	-4.133	
662	-4.14764	
663	-4.0271	
664	-3.9975	
665	-4.11682	
666	-3.88397	
667	-4.08478	
668	-3.86414	
669	-4.08752	
670	-4.06189	
671	-3.8623	
672	-4.17389	
673	-4.17267	
674	-3.55804	
675	-4.13788	
676	-3.68011	
677	-4.04938	
678	-4.13727	
679	-4.09454	
680	-3.90656	
681	-4.05792	
682	-3.90961	
683	-3.93311	
684	-3.9389	
685	-4.0033	
686	-4.09515	
687	-4.02893	
688	-4.04205	
689	-3.91541	
690	-4.086	
691	-3.48633	
692	-4.03198	
693	-4.10583	
694	-4.08051	
695	-4.08173	
696	-3.90228	
697	-3.78296	
698	-3.9502	
699	-4.13086	
700	-4.01001	
701	-4.01001	
702	-3.95142	
703	-3.58032	
704	-4.11774	
705	-4.07562	
706	-4.01001	
707	-4.01703	
708	-4.07318	
709	-3.85742	
710	-3.96912	
711	-4.07166	
712	-3.98743	
713	-3.90259	
714	-3.98743	
715	-3.94806	
716	-4.04602	
717	-3.91541	
718	-3.96118	
719	-3.72589	
720	-4.10187	
721	-3.96027	
722	-4.20593	
723	-4.04053	
724	-4.05212	
725	-3.99048	
726	-3.94623	
727	-3.90991	
728	-3.98834	
729	-3.59192	
730	-4.07745	
731	-3.9447	
732	-3.9978	
733	-3.93677	
734	-4.0155	
735	-4.03076	
736	-3.73993	
737	-3.98407	
738	-3.67828	
739	-4.01947	
740	-4.08661	
741	-4.08844	
742	-4.04572	
743	-3.83911	
744	-3.99414	
745	-4.03412	
746	-4.05945	
747	-3.96759	
748	-3.98529	
749	-4.21478	
750	-4.02496	
751	-4.21051	
752	-4.0509	
753	-3.13477	
754	-4.21295	
755	-4.08722	
756	-4.00513	
757	-3.87146	
758	-4.15344	
759	-3.98987	
760	-4.00635	
761	-3.54401	
762	-3.94409	
763	-3.98987	
764	-3.51929	
765	-3.78052	
766	-3.92242	
767	-3.8623	
768	-3.93311	
769	-4.06891	
770	-4.01825	
771	-4.01001	
772	-4.00635	
773	-3.94806	
774	-3.85132	
775	-4.09119	
776	-3.91266	
777	-4.09363	
778	-4.06921	
779	-3.82355	
780	-3.68896	
781	-4.07715	
782	-3.92487	
783	-4.07837	
784	-3.98834	
785	-3.6142	
786	-3.95721	
787	-4.0509	
788	-4.03198	
789	-3.9975	
790	-4.10919	
791	-3.87421	
792	-4.13269	
793	-3.95477	
794	-4.09546	
795	-3.95599	
796	-3.9682	
797	-4.16412	
798	-4.17358	
799	-4.07043	
800	-4.04846	
801	-3.89862	
802	-4.17114	
803	-3.98438	
804	-3.88885	
805	-4.05273	
806	-4.02313	
807	-4.06799	
808	-4.07928	
809	-4.07715	
810	-3.94867	
811	-4.0329	
812	-3.66516	
813	-4.07135	
814	-3.97369	
815	-4.08264	
816	-3.6673	
817	-4.08478	
818	-4.05273	
819	-4.01459	
820	-3.94836	
821	-3.93066	
822	-4.01062	
823	-4.01031	
824	-4.2157	
825	-3.75214	
826	-4.07837	
827	-3.87726	
828	-4.22028	
829	-4.03351	
830	-3.50342	
831	-3.88794	
832	-3.41339	
833	-4.04877	
834	-3.95233	
835	-4.00085	
836	-3.90808	
837	-4.17603	
838	-3.58002	
839	-3.99506	
840	-3.99994	
841	-4.14032	
842	-4.0506	
843	-4.07837	
844	-4.13727	
845	-4.09637	
846	-4.01459	
847	-4.05762	
848	-4.03473	
849	-4.00177	
850	-4.00696	
851	-3.94867	
852	-3.96881	
853	-3.32367	
854	-4.01001	
855	-3.95538	
856	-3.9505	
857	-3.99384	
858	-4.13544	
859	-3.99994	
860	-3.96637	
861	-4.06677	
862	-3.97797	
863	-3.95477	
864	-3.79395	
865	-3.66974	
866	-3.96118	
867	-3.99536	
868	-3.90533	
869	-3.97614	
870	-4.06281	
871	-4.00299	
872	-3.99689	
873	-3.9917	
874	-4.06525	
875	-4.11407	
876	-3.60443	
877	-4.16351	
878	-3.91663	
879	-4.12659	
880	-4.00085	
881	-3.94714	
882	-3.97217	
883	-3.80035	
884	-3.80524	
885	-3.84857	
886	-4.09454	
887	-4.07013	
888	-3.99689	
889	-4.08936	
890	-4.03992	
891	-4.0506	
892	-3.79211	
893	-4.05396	
894	-4.02985	
895	-4.00208	
896	-3.98743	
897	-3.95325	
898	-3.94745	
899	-4.10919	
900	-4.03381	
901	-3.96942	
902	-4.11011	
903	-4.14764	
904	-4.05609	
905	-3.8559	
906	-4.02893	
907	-4.07379	
908	-4.18457	
909	-4.01886	
910	-4.0097	
911	-3.9978	
912	-4.05304	
913	-3.53973	
914	-4.0686	
915	-4.03107	
916	-3.37738	
917	-3.88885	
918	-3.70758	
919	-4.07379	
920	-4.01855	
921	-4.04663	
922	-4.01367	
923	-4.03107	
924	-3.93738	
925	-3.90564	
926	-4.00299	
927	-4.00635	
928	-4.10278	
929	-4.0274	
930	-3.9679	
931	-3.99933	
932	-4.0152	
933	-3.7851	
934	-4.13239	
935	-3.7149	
936	-4.11469	
937	-3.93616	
938	-3.97614	
939	-4.05609	
940	-4.10889	
941	-3.9917	
942	-4.09027	
943	-3.99292	
944	-3.25195	
945	-3.96515	
946	-4.01459	
947	-3.86047	
948	-4.021	
949	-4.04572	
950	-3.80005	
951	-4.0741	
952	-3.9505	
953	-4.08295	
954	-3.96179	
955	-4.07745	
956	-3.97552	
957	-4.00116	
958	-4.00238	
959	-4.02069	
960	-3.68256	
961	-4.01672	
962	-3.80127	
963	-3.82141	
964	-4.01733	
965	-4.10828	
966	-3.95386	
967	-3.93738	
968	-3.99414	
969	-4.04877	
970	-4.04266	
971	-3.94836	
972	-4.01428	
973	-3.40912	
974	-4.09149	
975	-3.97491	
976	-4.01215	
977	-3.92609	
978	-4.07715	
979	-3.98224	
980	-3.82568	
981	-3.99811	
982	-3.91571	
983	-3.95599	
984	-3.96332	
985	-3.90137	
986	-3.94806	
987	-4.08691	
988	-3.63586	
989	-4.01917	
990	-4.06281	
991	-3.95355	
992	-3.90656	
993	-4.06036	
994	-3.97003	
995	-4.07227	
996	-3.96332	
997	-4.12292	
998	-3.83606	
999	-3.37891	
1000	-3.91724	
