Scan	  Chan 1	

1	-3.71735	
2	-3.66241	
3	-4.58221	
4	-3.57849	
5	-4.08691	
6	-3.96362	
7	-4.05121	
8	-3.63525	
9	-4.30603	
10	-3.68408	
11	-4.03259	
12	-3.78571	
13	-4.05426	
14	-3.43201	
15	-3.92578	
16	-3.61847	
17	-3.66516	
18	-4.21906	
19	-3.54034	
20	-4.07104	
21	-3.88977	
22	-3.90991	
23	-3.85315	
24	-4.61456	
25	-3.5144	
26	-3.86993	
27	-3.98834	
28	-3.88245	
29	-3.17352	
30	-3.55713	
31	-3.90381	
32	-4.14337	
33	-4.01703	
34	-3.7616	
35	-4.14124	
36	-3.50555	
37	-3.71185	
38	-3.69354	
39	-3.87146	
40	-3.78082	
41	-4.34479	
42	-1.27319	
43	-3.99689	
44	-3.53333	
45	-2.36206	
46	-3.59955	
47	-3.93097	
48	-3.96088	
49	-3.72742	
50	-3.86292	
51	-3.98651	
52	-4.00299	
53	-3.6441	
54	-4.23248	
55	-3.58704	
56	-3.87421	
57	-3.98926	
58	-3.45978	
59	-3.74451	
60	-3.54126	
61	-3.85895	
62	-4.50806	
63	-3.98315	
64	-3.53821	
65	-3.78815	
66	-3.86871	
67	-3.49518	
68	-3.2431	
69	-3.95538	
70	-3.96271	
71	-3.97461	
72	-3.90289	
73	-4.04419	
74	-3.76678	
75	-4.20197	
76	-3.66333	
77	-3.02338	
78	-3.72498	
79	-3.51959	
80	-3.86841	
81	-3.78479	
82	-4.75006	
83	-3.73413	
84	-3.77441	
85	-3.80005	
86	-4.20105	
87	-3.62732	
88	-4.1095	
89	-3.59924	
90	-4.4693	
91	-3.27026	
92	-3.71887	
93	-4.07196	
94	-3.79608	
95	-3.82416	
96	-3.5202	
97	-4.0097	
98	-3.86902	
99	-3.46161	
100	-3.86414	
101	-3.91388	
102	-3.28094	
103	-3.79578	
104	-3.49396	
105	-4.03259	
106	-3.93677	
107	-4.20563	
108	-3.85315	
109	-4.3399	
110	-3.77106	
111	-3.85468	
112	-3.93799	
113	-3.70239	
114	-4.32709	
115	-3.81378	
116	-3.47351	
117	-4.26819	
118	-3.52448	
119	-4.01459	
120	-3.76678	
121	-3.99902	
122	-3.82141	
123	-3.53699	
124	-4.82452	
125	-3.84918	
126	-4.21936	
127	-3.62946	
128	-3.87604	
129	-3.70483	
130	-3.74298	
131	-3.71216	
132	-5.39062	
133	-3.78387	
134	-3.52112	
135	-3.91937	
136	-4.36584	
137	-0.0665283	
138	-3.69476	
139	-3.99567	
140	-4.02985	
141	-3.56628	
142	-3.89343	
143	-3.69202	
144	-3.76709	
145	-4.58588	
146	-3.42834	
147	-3.95905	
148	-4.10553	
149	-3.61877	
150	-4.07135	
151	-3.26599	
152	-4.11285	
153	-3.92242	
154	-3.65784	
155	-4.11865	
156	-3.67676	
157	-3.88885	
158	-3.91449	
159	-4.01703	
160	-4.50806	
161	-3.39783	
162	-3.76526	
163	-4.23462	
164	-3.53577	
165	-3.57422	
166	-3.70728	
167	-4.17206	
168	-4.17175	
169	-3.98651	
170	-3.38013	
171	-4.29077	
172	-4.06403	
173	-3.34747	
174	-3.71887	
175	-3.79639	
176	-3.84308	
177	-4.31335	
178	-3.42285	
179	-3.65417	
180	-3.82141	
181	-4.09851	
182	-3.69965	
183	-4.02496	
184	-3.78571	
185	-3.7735	
186	-3.72559	
187	-3.62274	
188	-3.8092	
189	-3.86017	
190	-3.97308	
191	0.853577	
192	-3.90778	
193	-3.97919	
194	-4.25812	
195	-3.75031	
196	-3.86871	
197	-3.90991	
198	-3.7674	
199	-4.8465	
200	-3.18787	
201	-3.59619	
202	-3.75092	
203	-4.09241	
204	-3.84796	
205	-2.96387	
206	-3.84186	
207	-3.88397	
208	-3.80341	
209	-3.99567	
210	-3.78998	
211	-3.90198	
212	-4.57642	
213	-3.59344	
214	-3.84338	
215	-4.51965	
216	-4.20105	
217	-3.84033	
218	-3.02704	
219	-3.2962	
220	-3.99994	
221	-4.15497	
222	-4.16626	
223	-4.02161	
224	-3.69812	
225	-3.81531	
226	-3.30139	
227	-3.91815	
228	-3.51837	
229	-4.29688	
230	-3.7323	
231	-3.92059	
232	-3.44269	
233	-3.77686	
234	-4.19373	
235	-3.39111	
236	-4.01794	
237	-3.71307	
238	-3.58704	
239	-3.93005	
240	-3.86322	
241	-3.61755	
242	-3.55499	
243	-4.1571	
244	-3.95355	
245	-3.83423	
246	-3.69934	
247	-3.72864	
248	-3.52783	
249	-4.19952	
250	-3.7735	
251	-3.93188	
252	-3.61694	
253	-3.87848	
254	-3.85986	
255	0.852661	
256	-4.01001	
257	-4.66614	
258	-3.52448	
259	-3.24799	
260	-3.91052	
261	-4.24133	
262	-3.89221	
263	-3.91724	
264	-3.47656	
265	-3.92944	
266	-4.38354	
267	-4.03015	
268	-3.79852	
269	-4.42474	
270	-3.78296	
271	-4.16809	
272	-4.10767	
273	-3.74176	
274	-3.65936	
275	-4.05273	
276	-3.66394	
277	-2.47345	
278	-3.60107	
279	-4.10126	
280	-3.64532	
281	-4.12903	
282	-3.80463	
283	-3.73657	
284	-3.86047	
285	-3.59314	
286	-3.92639	
287	-3.15125	
288	-3.95111	
289	-3.99536	
290	-2.92969	
291	-3.56537	
292	-3.73627	
293	-4.16229	
294	-4.25598	
295	-3.53973	
296	-3.50647	
297	-3.76648	
298	-3.98071	
299	-3.85803	
300	-3.54279	
301	-3.81775	
302	-4.1684	
303	-3.47229	
304	-4.18945	
305	-3.84949	
306	-4.00574	
307	-3.44788	
308	-3.73322	
309	-3.73566	
310	-3.80249	
311	-4.35303	
312	-3.5788	
313	-3.53577	
314	-3.76831	
315	-4.05823	
316	-4.05853	
317	-3.78174	
318	-3.36456	
319	-3.87268	
320	-3.93616	
321	-4.17755	
322	-3.76251	
323	-3.39264	
324	-4.35699	
325	-3.4491	
326	-3.79333	
327	-4.78333	
328	-3.31512	
329	-3.95599	
330	-3.89069	
331	-3.9267	
332	-3.51044	
333	-3.75244	
334	-4.1098	
335	-3.6673	
336	-3.93799	
337	-3.79974	
338	-4.10492	
339	-4.04358	
340	-3.93982	
341	-3.47015	
342	-3.82172	
343	-4.28009	
344	-3.48022	
345	-3.82111	
346	-3.63892	
347	-4.133	
348	-3.75854	
349	-3.75	
350	-3.80829	
351	-3.49182	
352	-4.3512	
353	-3.68347	
354	-3.76648	
355	-3.69537	
356	-3.34442	
357	-4.08173	
358	-3.68958	
359	-4.03534	
360	-3.92456	
361	-3.94196	
362	-3.45642	
363	-3.76587	
364	-4.08081	
365	-3.71857	
366	-3.44879	
367	-3.68195	
368	-4.12659	
369	-3.88153	
370	-4.31366	
371	-3.76434	
372	-3.34717	
373	-3.82568	
374	-3.78632	
375	-3.97461	
376	-3.909	
377	-4.14001	
378	-4.40155	
379	-3.98346	
380	-3.4848	
381	-3.27454	
382	-3.91724	
383	-3.57452	
384	-3.98285	
385	-3.88489	
386	-3.98895	
387	-3.56354	
388	-3.862	
389	-4.13025	
390	-3.77136	
391	-3.98773	
392	-3.87665	
393	-3.33588	
394	-3.81226	
395	-3.94257	
396	-3.85468	
397	-4.24194	
398	-3.57147	
399	-3.95325	
400	-3.88855	
401	-3.75122	
402	-4.18304	
403	-3.86169	
404	-4.03564	
405	-3.96362	
406	-2.41852	
407	-3.70026	
408	-3.703	
409	-3.52051	
410	-4.04816	
411	-3.59711	
412	-4.1153	
413	-3.59955	
414	-3.81927	
415	-3.82385	
416	-4.54254	
417	-3.43262	
418	-3.61908	
419	-4.07928	
420	-3.97736	
421	-3.95813	
422	-3.90411	
423	-3.99048	
424	-4.13849	
425	-4.10736	
426	-4.3457	
427	-3.61664	
428	-4.18457	
429	-3.52509	
430	-3.50616	
431	-4.39514	
432	-3.57391	
433	-3.93463	
434	-3.83698	
435	-3.85895	
436	-4.06281	
437	-3.81042	
438	-3.84674	
439	-3.67889	
440	-3.17322	
441	-3.79242	
442	-3.44421	
443	-3.9682	
444	-4.00604	
445	-3.90076	
446	-3.54004	
447	-3.71826	
448	-4.0509	
449	-3.65936	
450	-3.6026	
451	-4.6344	
452	-3.87451	
453	-3.96393	
454	-4.03778	
455	-3.71948	
456	-4.62158	
457	-3.62549	
458	-4.09973	
459	-3.51013	
460	-4.3042	
461	-3.56567	
462	-3.7851	
463	-3.88885	
464	-4.2691	
465	-4.43329	
466	-3.79089	
467	-3.65204	
468	-3.91388	
469	-3.91693	
470	-3.41766	
471	-4.13574	
472	-3.89954	
473	-2.30804	
474	-3.51807	
475	-3.67889	
476	-3.78143	
477	-3.72467	
478	-3.638	
479	-3.80981	
480	-3.9386	
481	-3.81561	
482	-4.39697	
483	-3.81439	
484	-3.92212	
485	-4.92462	
486	-3.48358	
487	-4.10583	
488	-3.72864	
489	-3.95996	
490	-3.8089	
491	-4.15527	
492	-2.95319	
493	-3.66577	
494	-3.8092	
495	-3.41614	
496	-3.46039	
497	-4.19006	
498	-3.67401	
499	-3.94165	
500	-4.12659	
501	-3.94897	
502	-4.27826	
503	-3.65021	
504	-3.90381	
505	-3.56476	
506	-3.77472	
507	-3.74817	
508	-5.45471	
509	-3.90411	
510	-4.20502	
511	-3.56995	
512	-4.77386	
513	-3.36792	
514	-4.24744	
515	-4.17328	
516	-3.94958	
517	-3.79578	
518	-4.24683	
519	-3.56018	
520	-0.734253	
521	-3.77289	
522	-3.96576	
523	-3.50311	
524	-3.73871	
525	-3.73352	
526	-3.39996	
527	-3.53973	
528	-4.44916	
529	-4.15985	
530	-3.71887	
531	-3.87512	
532	-4.04877	
533	-3.53333	
534	-4.31366	
535	-3.68622	
536	-3.57483	
537	-3.91235	
538	-3.7027	
539	-3.61237	
540	-4.01306	
541	-3.8092	
542	-3.40454	
543	-3.9682	
544	-4.0213	
545	-3.70544	
546	-3.56018	
547	-4.09607	
548	-3.61633	
549	-3.89252	
550	-4.39575	
551	-1.203	
552	-3.50616	
553	-3.98956	
554	-4.01398	
555	-4.03656	
556	-3.87604	
557	-3.76984	
558	-3.86444	
559	-3.99353	
560	-3.93311	
561	-4.32434	
562	-3.91266	
563	-3.74939	
564	-4.61945	
565	-3.38257	
566	-3.61176	
567	-3.8739	
568	-3.49609	
569	-3.52814	
570	-3.80249	
571	-4.02008	
572	-4.12689	
573	-4.31274	
574	-3.65448	
575	-3.77594	
576	-3.89008	
577	-3.51227	
578	-4.1452	
579	-3.50616	
580	-4.59778	
581	-3.7326	
582	-3.60718	
583	-4.41223	
584	-3.48022	
585	-3.91449	
586	-4.60968	
587	-3.88947	
588	-3.8385	
589	-3.77594	
590	-3.99933	
591	-4.28772	
592	-3.60748	
593	-3.8504	
594	-3.92578	
595	-3.2193	
596	-3.98956	
597	-4.98413	
598	-3.48511	
599	-3.99292	
600	-3.31787	
601	-3.39294	
602	-4.1272	
603	-3.81805	
604	-4.23492	
605	-3.91571	
606	-3.75397	
607	-3.63068	
608	-4.263	
609	-3.6792	
610	-3.91937	
611	-3.57086	
612	-3.83636	
613	-3.84033	
614	-4.97986	
615	-3.53577	
616	-3.74878	
617	-4.10492	
618	-3.80249	
619	-2.76276	
620	-3.88123	
621	-5.03113	
622	-3.56598	
623	-2.36237	
624	-3.53577	
625	-4.01123	
626	-3.79272	
627	-4.41742	
628	-3.70575	
629	-3.78052	
630	-3.92975	
631	-3.93158	
632	-4.46991	
633	-3.65723	
634	-4.18518	
635	-3.55682	
636	-3.81042	
637	-3.99139	
638	-3.75763	
639	-3.86597	
640	-3.85345	
641	-4.39117	
642	-4.36218	
643	-3.78784	
644	-3.89069	
645	-4.0686	
646	-3.72681	
647	-3.90503	
648	-3.8559	
649	-3.7616	
650	-3.69659	
651	-3.83331	
652	-3.43842	
653	-4.08295	
654	-3.81744	
655	-3.67737	
656	-3.86536	
657	-3.67157	
658	-3.51624	
659	-4.43542	
660	-1.96747	
661	-4.04144	
662	-3.73779	
663	-3.76709	
664	-4.18152	
665	-3.85742	
666	-3.97491	
667	-3.40485	
668	-4.22577	
669	-3.82355	
670	-3.76495	
671	-3.67035	
672	-3.68561	
673	-3.8739	
674	-3.95966	
675	-3.69843	
676	-4.16412	
677	-4.09271	
678	-3.74146	
679	-3.98926	
680	-4.12415	
681	-4.05182	
682	-4.32251	
683	-3.71704	
684	-3.85437	
685	-4.72412	
686	-3.65814	
687	-3.91815	
688	-3.77747	
689	-4.11194	
690	-3.79791	
691	-3.29712	
692	-3.80951	
693	-3.89801	
694	-3.89587	
695	-4.133	
696	-4.4043	
697	-3.62122	
698	-4.10736	
699	-4.14215	
700	-3.74878	
701	-3.98468	
702	-4.37561	
703	-3.98621	
704	-4.40216	
705	-3.65692	
706	-1.69006	
707	-3.68042	
708	-4.35638	
709	-3.63861	
710	-3.69232	
711	-3.56964	
712	-3.96393	
713	-3.84094	
714	-4.06921	
715	-3.69598	
716	-3.64807	
717	-4.23096	
718	-3.82416	
719	-3.79272	
720	-3.60016	
721	-4.60938	
722	-3.59619	
723	-3.71826	
724	-4.14917	
725	-3.61359	
726	-4.23187	
727	-3.70514	
728	-4.17511	
729	-3.90594	
730	-2.27844	
731	-3.88733	
732	-4.039	
733	-3.61633	
734	-4.17542	
735	-3.91907	
736	-4.02008	
737	-3.02521	
738	-3.70087	
739	-3.81622	
740	-3.62976	
741	-4.11346	
742	-3.79089	
743	-3.69171	
744	-4.09241	
745	-3.89008	
746	-4.06952	
747	-3.45673	
748	-4.13177	
749	-4.06158	
750	-3.81714	
751	-4.11346	
752	-3.91724	
753	-4.0448	
754	-3.60016	
755	-4.01581	
756	-3.70667	
757	-4.12567	
758	-3.90015	
759	-3.56567	
760	-2.40723	
761	-3.2312	
762	-3.76801	
763	-4.08691	
764	-3.67218	
765	-3.68835	
766	-3.58887	
767	-3.90289	
768	-3.5495	
769	-3.99017	
770	-3.76831	
771	-4.13147	
772	-3.90808	
773	-3.66852	
774	-3.84491	
775	-3.64746	
776	-4.05121	
777	-3.78113	
778	-3.44421	
779	-3.48511	
780	-2.99805	
781	-3.22266	
782	-3.68774	
783	-3.63525	
784	-3.95142	
785	-4.17755	
786	-3.75244	
787	-3.76465	
788	-3.98163	
789	-3.90564	
790	-4.11011	
791	-3.91754	
792	-3.8562	
793	-3.91998	
794	-3.84613	
795	-4.15619	
796	-3.90289	
797	-3.95142	
798	-3.75275	
799	-3.82019	
800	-4.36371	
801	-3.66699	
802	-3.74695	
803	-4.09546	
804	-3.59009	
805	-3.74115	
806	-3.78632	
807	-4.05029	
808	-4.04175	
809	-3.2135	
810	-4.22882	
811	-3.88885	
812	-4.01978	
813	-2.74994	
814	-3.75946	
815	-3.81256	
816	-3.90472	
817	-3.51288	
818	-4.44092	
819	-3.56995	
820	-3.60382	
821	-4.02802	
822	-3.61237	
823	-2.21222	
824	-3.57635	
825	-3.60687	
826	-3.73749	
827	-4.25323	
828	-4.07867	
829	-3.58887	
830	-4.18396	
831	-2.72247	
832	-3.68774	
833	-4.05609	
834	-3.70331	
835	-3.78052	
836	-3.78326	
837	-2.81342	
838	-3.76007	
839	-3.76251	
840	-3.69202	
841	-4.03412	
842	-3.62061	
843	-3.80768	
844	-4.20929	
845	-3.26874	
846	-3.90198	
847	-3.97369	
848	-3.90808	
849	-2.92786	
850	-3.55804	
851	-3.68896	
852	-4.1864	
853	-3.68164	
854	-4.25446	
855	-0.438232	
856	-3.90625	
857	-3.76617	
858	-3.89099	
859	-4.69269	
860	-3.86688	
861	-3.72223	
862	-3.94287	
863	-4.06189	
864	-4.03961	
865	-3.88184	
866	-3.88794	
867	-4.15955	
868	-3.73413	
869	-3.30688	
870	-1.85547	
871	-3.38135	
872	-3.63831	
873	-3.91296	
874	-4.04449	
875	-3.84094	
876	-3.66577	
877	-4.08661	
878	-3.59985	
879	-3.99445	
880	-3.71002	
881	-4.21448	
882	-4.07776	
883	-3.52966	
884	-4.2923	
885	-3.74512	
886	-3.92792	
887	-3.90411	
888	-3.2782	
889	-3.3255	
890	-3.60565	
891	-5.32135	
892	-3.37097	
893	-4.07898	
894	-3.8443	
895	-3.90411	
896	-3.65906	
897	-3.56995	
898	-4.48944	
899	-3.44299	
900	-3.70453	
901	-3.87634	
902	-3.87726	
903	-3.84094	
904	-4.04755	
905	-2.92664	
906	-3.70697	
907	-3.81165	
908	-4.03839	
909	-3.93494	
910	-3.87421	
911	-3.47595	
912	-3.61664	
913	-3.74725	
914	-3.84918	
915	-4.0332	
916	-3.37219	
917	-4.08264	
918	-3.82812	
919	-3.94165	
920	-4.13086	
921	-4.04419	
922	-3.47778	
923	-4.04999	
924	-3.67706	
925	-4.83215	
926	-5.19531	
927	-3.8092	
928	-4.8349	
929	-4.09424	
930	-3.91785	
931	-3.94012	
932	-3.63892	
933	-3.703	
934	-3.66791	
935	-4.03259	
936	-3.5434	
937	-3.7439	
938	-4.3222	
939	-3.57056	
940	-3.98071	
941	-3.95447	
942	-4.5575	
943	-3.7149	
944	-3.64563	
945	-3.16101	
946	-3.97583	
947	-2.48718	
948	-3.57452	
949	-3.75519	
950	-3.59467	
951	-3.99414	
952	-4.13239	
953	-4.6106	
954	-3.63922	
955	-3.56995	
956	-3.78967	
957	-4.15649	
958	-3.11798	
959	-3.72833	
960	-3.38348	
961	-2.8067	
962	-3.69629	
963	-2.87231	
964	-3.62274	
965	-4.65668	
966	-4.05396	
967	-3.94287	
968	-5.02716	
969	-3.92273	
970	-3.32886	
971	-4.04236	
972	-3.86261	
973	-3.66211	
974	-3.85803	
975	-3.56323	
976	-3.73016	
977	-3.99475	
978	-3.39569	
979	-5.01007	
980	-3.5965	
981	-4.20105	
982	-3.80035	
983	-3.9682	
984	-4.38782	
985	-3.71521	
986	-3.73474	
987	-3.92334	
988	-3.81287	
989	-4.11133	
990	-4.24042	
991	-3.96027	
992	-4.0094	
993	-3.78143	
994	-3.61053	
995	-4.06097	
996	-3.88824	
997	-3.92548	
998	-3.32825	
999	-4.32343	
1000	-3.75427	
