Scan	  Chan 1	

1	-3.05054	
2	-1.492	
3	-3.37311	
4	-3.8858	
5	-2.62848	
6	-3.43842	
7	-3.63831	
8	-3.61023	
9	-4.05823	
10	-3.39935	
11	-2.51984	
12	-3.62854	
13	-3.37006	
14	1.58844	
15	-4.82452	
16	-4.53949	
17	-5.31738	
18	-3.83423	
19	-2.96204	
20	-3.73993	
21	-0.832214	
22	-3.49854	
23	-3.95691	
24	-3.91815	
25	-4.86725	
26	-4.29688	
27	-3.18085	
28	-3.72345	
29	-3.96606	
30	-1.97876	
31	-4.01733	
32	-2.82837	
33	-3.61877	
34	-4.67346	
35	-2.47742	
36	-4.93347	
37	-4.22455	
38	-2.67517	
39	-2.06696	
40	-3.98651	
41	-3.6499	
42	-3.58429	
43	-6.0907	
44	-4.27765	
45	-3.56384	
46	-3.58429	
47	-1.60278	
48	-3.82996	
49	-3.93188	
50	-4.06616	
51	-4.61609	
52	-3.51105	
53	-3.62854	
54	-3.57758	
55	-3.25897	
56	-3.73108	
57	-4.65515	
58	-4.22241	
59	0.145264	
60	-3.94958	
61	-3.09509	
62	-4.25171	
63	-3.94745	
64	-4.82391	
65	-3.54553	
66	-3.9386	
67	-3.27728	
68	-5.52094	
69	-3.18604	
70	-3.76373	
71	-0.337524	
72	-4.87976	
73	-2.854	
74	-3.54034	
75	-2.73102	
76	-3.04535	
77	-2.276	
78	-1.92993	
79	-3.38379	
80	-4.56573	
81	-3.45093	
82	-2.67426	
83	-3.35754	
84	-2.00714	
85	-4.02374	
86	-0.232544	
87	-3.75671	
88	-4.35211	
89	-4.1214	
90	-3.24615	
91	-3.91357	
92	-2.52838	
93	-3.43506	
94	-3.38013	
95	-3.13843	
96	-3.54248	
97	-3.77045	
98	-4.69696	
99	0.383301	
100	-3.367	
101	-3.03375	
102	-3.60992	
103	-3.26782	
104	-0.714111	
105	-3.55408	
106	-4.65668	
107	-3.56689	
108	-4.23431	
109	-3.61206	
110	-2.72461	
111	-3.53851	
112	-3.29285	
113	-4.30664	
114	-4.30817	
115	-1.20331	
116	-3.88489	
117	-3.56171	
118	1.24146	
119	-3.51196	
120	-3.03497	
121	-3.33527	
122	-4.63654	
123	-4.01154	
124	-4.17175	
125	-2.901	
126	-0.0549316	
127	-1.49689	
128	-4.13696	
129	-2.61749	
130	-4.00696	
131	-1.95557	
132	-3.5553	
133	-4.37592	
134	-4.15558	
135	-3.63068	
136	-4.56512	
137	-3.28613	
138	-4.01642	
139	-3.68927	
140	-3.18756	
141	-3.24738	
142	-4.00787	
143	-3.69537	
144	-2.58759	
145	-4.44061	
146	-3.62946	
147	-2.98523	
148	-4.11133	
149	-2.54822	
150	-3.45978	
151	-2.36115	
152	-4.35181	
153	-3.39691	
154	-5.10162	
155	-4.15771	
156	-2.37976	
157	-4.57123	
158	-3.7616	
159	-3.02277	
160	-4.56787	
161	-3.71826	
162	-3.45245	
163	-2.96936	
164	0.848694	
165	-3.73749	
166	-3.82355	
167	-2.77954	
168	-4.21082	
169	-3.29468	
170	-4.03351	
171	-3.64075	
172	-3.37189	
173	0.896606	
174	-3.47778	
175	-3.28339	
176	-2.73834	
177	-3.43353	
178	-2.22595	
179	-1.33911	
180	1.20911	
181	-3.82538	
182	-3.11859	
183	-3.89709	
184	2.64008	
185	-3.90656	
186	0.28595	
187	-4.19525	
188	-3.89282	
189	-3.19519	
190	-3.41248	
191	-3.92517	
192	-4.21783	
193	-1.93024	
194	-3.89252	
195	-3.92517	
196	-0.846558	
197	-3.71216	
198	-2.82227	
199	-2.92999	
200	-3.30505	
201	-3.79028	
202	-3.78601	
203	-1.54266	
204	-3.44696	
205	-3.8678	
206	-3.95569	
207	-3.06183	
208	-4.23218	
209	-4.25995	
210	-4.3222	
211	-4.23676	
212	-3.40637	
213	-3.78143	
214	-3.68988	
215	-3.80798	
216	-5.06439	
217	-1.73035	
218	-3.82874	
219	-3.85468	
220	-3.69415	
221	-0.699463	
222	-3.6087	
223	-3.97827	
224	-3.8028	
225	-3.53088	
226	-4.03015	
227	-4.01733	
228	-4.65424	
229	-4.36798	
230	-3.61633	
231	-2.41852	
232	-3.04382	
233	-3.69415	
234	-4.49493	
235	-3.85742	
236	-3.15857	
237	-4.1098	
238	-3.58002	
239	-3.85315	
240	-2.11395	
241	4.20776	
242	-4.91791	
243	-3.67798	
244	-3.22296	
245	4.40186	
246	-3.45428	
247	-2.43408	
248	-2.00531	
249	-5.12512	
250	-3.94745	
251	-2.84668	
252	-3.63953	
253	-3.42194	
254	-3.25623	
255	-4.57184	
256	-2.27448	
257	-4.37073	
258	-2.37946	
259	-3.48083	
260	-3.03406	
261	-3.49579	
262	-4.58588	
263	-3.96515	
264	-2.97913	
265	-3.52905	
266	-3.83484	
267	-3.71613	
268	-4.15405	
269	-4.30878	
270	-5.18402	
271	-0.28656	
272	-3.37067	
273	-3.66333	
274	-2.08679	
275	-1.58508	
276	-3.6792	
277	-3.4082	
278	-1.27045	
279	-2.74048	
280	0.497742	
281	-3.47076	
282	1.02661	
283	-4.04968	
284	-3.76648	
285	-2.92114	
286	-3.82904	
287	-4.39758	
288	-4.00146	
289	-4.95728	
290	-4.49554	
291	-4.09363	
292	-2.7298	
293	-3.09265	
294	-0.935974	
295	-4.1394	
296	-3.37646	
297	-3.89984	
298	-3.60687	
299	-3.53363	
300	-0.696106	
301	-4.0802	
302	-2.66754	
303	-3.76495	
304	-3.30353	
305	-3.7207	
306	-3.66516	
307	-4.75311	
308	-3.47687	
309	-3.50281	
310	-2.46826	
311	-4.25598	
312	-1.13159	
313	-4.02374	
314	-2.94678	
315	-4.422	
316	-2.11853	
317	-5.22552	
318	-3.54645	
319	-4.06769	
320	-4.37286	
321	-3.35419	
322	-4.40125	
323	-3.36975	
324	-1.38855	
325	-3.73749	
326	-2.30682	
327	-3.8147	
328	-1.70471	
329	-3.50372	
330	-2.8183	
331	-3.48602	
332	-3.87512	
333	-3.23273	
334	-2.18109	
335	-3.45734	
336	-3.96698	
337	-3.76892	
338	-1.28632	
339	-3.69629	
340	-3.9389	
341	0	
342	-3.64014	
343	-3.77563	
344	-3.83057	
345	-3.88947	
346	-4.06708	
347	-4.08417	
348	-3.80707	
349	-4.10034	
350	-2.94312	
351	-4.71741	
352	-1.93329	
353	-3.94897	
354	-3.68561	
355	-3.66211	
356	-4.1568	
357	-3.63037	
358	-3.94958	
359	-3.93494	
360	-3.08502	
361	-1.86737	
362	-3.25348	
363	1.85699	
364	-3.75122	
365	-4.1629	
366	-2.42401	
367	-3.87085	
368	-3.4726	
369	-3.08502	
370	-3.5083	
371	-3.80951	
372	-3.50891	
373	-3.59222	
374	-3.94043	
375	-2.96753	
376	-3.35266	
377	-3.28674	
378	-3.9801	
379	0	
380	-3.58521	
381	-3.90259	
382	-4.52484	
383	-3.45703	
384	-3.08563	
385	-4.40979	
386	0.959473	
387	-3.39355	
388	-3.65509	
389	-4.56238	
390	-3.61664	
391	-3.94501	
392	-4.08936	
393	-1.28662	
394	-3.58795	
395	-2.21527	
396	-4.33441	
397	-4.17267	
398	-3.89954	
399	-3.51685	
400	-2.37549	
401	-3.89313	
402	-3.27362	
403	-3.95813	
404	-4.00269	
405	-3.98163	
406	-3.7738	
407	-4.53156	
408	-2.97699	
409	-1.55609	
410	-3.26935	
411	-3.61847	
412	-4.88586	
413	-3.62732	
414	-4.21448	
415	-3.67523	
416	-3.03711	
417	-3.86353	
418	-4.4873	
419	-2.84515	
420	-4.05365	
421	-3.97369	
422	-2.86591	
423	-3.84796	
424	-3.80249	
425	-4.53308	
426	-1.74194	
427	-3.54858	
428	-2.612	
429	-3.26508	
430	-3.46405	
431	-3.30078	
432	-4.12598	
433	-3.96149	
434	-3.49976	
435	-3.07434	
436	-3.4552	
437	-3.48236	
438	-3.68256	
439	-4.01031	
440	-5.16724	
441	-4.15192	
442	-3.65082	
443	-3.13049	
444	-4.23218	
445	-3.19916	
446	-1.2265	
447	-3.49854	
448	-2.33032	
449	-3.20038	
450	-3.6438	
451	-2.5827	
452	-4.19098	
453	-4.37653	
454	-3.45184	
455	-3.71368	
456	-5.19012	
457	-3.82019	
458	-1.43524	
459	-3.74023	
460	-3.79822	
461	-3.61359	
462	-2.90192	
463	-3.32245	
464	-4.38446	
465	-4.04358	
466	-2.20551	
467	-3.65814	
468	-4.18823	
469	-3.94226	
470	-4.0329	
471	-3.93982	
472	-2.0871	
473	-4.17755	
474	-2.47314	
475	-3.47046	
476	-4.5697	
477	-4.71008	
478	-3.82874	
479	-3.29132	
480	-1.57349	
481	-3.21136	
482	-0.52124	
483	-1.70319	
484	-4.1156	
485	-2.9068	
486	-4.05334	
487	-3.39142	
488	-4.37439	
489	-3.74512	
490	-4.15588	
491	-1.2619	
492	-4.00726	
493	-3.2962	
494	-1.01288	
495	-3.36212	
496	-4.64081	
497	-3.99353	
498	-0.326233	
499	-4.19586	
500	-3.43506	
501	-2.33063	
502	-2.28577	
503	-3.88824	
504	-3.013	
505	-4.23065	
506	-1.35468	
507	-3.85284	
508	0.59906	
509	-3.47687	
510	-4.31671	
511	-3.23669	
512	-3.58093	
513	-3.30444	
514	-3.57208	
515	-3.87482	
516	-3.9093	
517	-3.90106	
518	-3.75977	
519	-3.71338	
520	-1.61926	
521	-3.52264	
522	-3.66364	
523	-4.16504	
524	-3.57239	
525	-2.11853	
526	-3.37494	
527	-2.96326	
528	-3.58368	
529	-2.70264	
530	-3.47198	
531	-3.3429	
532	-3.21564	
533	-0.0888062	
534	-3.0658	
535	-2.54852	
536	-3.63953	
537	-2.32208	
538	-2.42218	
539	-2.84912	
540	-3.1073	
541	-3.20709	
542	-3.84125	
543	-1.72211	
544	-3.64502	
545	-2.8717	
546	-4.20105	
547	-4.20685	
548	-4.77509	
549	-4.11224	
550	-3.93982	
551	-3.76068	
552	-1.11694	
553	-1.88446	
554	-4.45801	
555	-3.62396	
556	-3.67493	
557	-4.89075	
558	-1.15173	
559	0.620728	
560	-4.10858	
561	-0.581665	
562	-3.40607	
563	-2.5946	
564	-3.64594	
565	-3.67767	
566	-3.99323	
567	-4.5932	
568	-3.24799	
569	-3.73108	
570	-3.69873	
571	-4.16382	
572	-2.41852	
573	-3.87482	
574	-4.02069	
575	-4.09149	
576	-4.3631	
577	-3.72589	
578	-3.72253	
579	-3.77258	
580	-2.26715	
581	0.583801	
582	-3.93982	
583	-3.11401	
584	2.47375	
585	-4.02557	
586	-2.40173	
587	-3.59222	
588	-1.13312	
589	-4.06342	
590	-3.28766	
591	-2.19391	
592	-2.86713	
593	-5.43304	
594	-3.94928	
595	-4.37836	
596	-4.01428	
597	-3.21289	
598	-3.3194	
599	-3.75305	
600	-3.6969	
601	-3.49915	
602	-4.19281	
603	-3.86566	
604	-0.845642	
605	-3.92792	
606	-3.6441	
607	-3.67279	
608	-1.2735	
609	-3.862	
610	-2.14172	
611	-3.53973	
612	-4.04175	
613	-3.52692	
614	-4.22882	
615	-3.82385	
616	-5.12512	
617	-3.7085	
618	-4.07379	
619	-1.92963	
620	-3.63007	
621	-3.67889	
622	-3.77991	
623	-3.39172	
624	-4.07867	
625	-3.96271	
626	-4.40277	
627	-3.78998	
628	-0.362854	
629	-4.14368	
630	-4.29993	
631	-3.07861	
632	-3.63281	
633	-4.57092	
634	-4.30084	
635	-3.74146	
636	-3.46527	
637	-3.56079	
638	-3.09875	
639	0.256958	
640	-3.08411	
641	-3.48328	
642	-3.30292	
643	-4.09119	
644	2.83936	
645	-1.65894	
646	-1.38702	
647	-3.9386	
648	-4.45343	
649	-3.54401	
650	-3.36151	
651	-4.62006	
652	-2.00134	
653	-3.97186	
654	-3.80676	
655	-3.00568	
656	-4.01947	
657	-3.95294	
658	-3.84491	
659	-3.61755	
660	-3.05634	
661	-3.45947	
662	-0.892334	
663	-3.68408	
664	-1.8988	
665	-4.15588	
666	-3.52264	
667	1.43341	
668	-3.76984	
669	-1.83014	
670	-3.48541	
671	-2.13013	
672	-0.428467	
673	-3.93921	
674	-3.29987	
675	-3.88641	
676	-3.28766	
677	-4.50592	
678	-3.65479	
679	-3.44757	
680	-4.20013	
681	-3.36029	
682	-3.20679	
683	-3.91968	
684	0.737915	
685	-3.20923	
686	-3.67706	
687	-1.50238	
688	-5.0705	
689	-2.0224	
690	-4.61609	
691	-4.02496	
692	-4.1095	
693	-3.95782	
694	-4.62646	
695	-3.70026	
696	-3.36121	
697	-3.50586	
698	-6.21735	
699	-3.56506	
700	-5.50537	
701	-3.41797	
702	-3.4024	
703	-3.61359	
704	-3.99353	
705	-2.92267	
706	-3.98865	
707	-3.1073	
708	-1.53076	
709	-2.54578	
710	-3.73108	
711	-3.92273	
712	-3.84979	
713	1.0556	
714	-3.01361	
715	-1.89941	
716	-3.74512	
717	-4.08752	
718	-3.5495	
719	-2.12097	
720	-4.09637	
721	-3.98712	
722	-3.97583	
723	-3.96301	
724	-3.87451	
725	-2.39624	
726	-3.73871	
727	-3.52478	
728	-4.23218	
729	-3.04352	
730	-3.90717	
731	-3.12286	
732	-2.38495	
733	-4.40704	
734	-3.53302	
735	-4.24133	
736	-3.15918	
737	-3.1665	
738	-3.38806	
739	-3.09021	
740	-4.15924	
741	-4.33899	
742	-3.1781	
743	-4.15771	
744	-3.13721	
745	-2.10785	
746	-4.0918	
747	-1.09497	
748	-1.78162	
749	-2.83722	
750	-3.52417	
751	-3.06458	
752	0.0231934	
753	-2.57172	
754	-3.83087	
755	-3.43628	
756	-3.51135	
757	-3.70178	
758	-2.80243	
759	-2.53387	
760	-4.85321	
761	-1.76605	
762	-3.7796	
763	-4.02832	
764	-3.47595	
765	-4.20319	
766	-3.85498	
767	-1.4566	
768	-3.70026	
769	-3.35754	
770	-1.65283	
771	-3.87085	
772	-3.43689	
773	-3.23975	
774	2.0578	
775	-3.92883	
776	-1.10809	
777	-3.51868	
778	-4.14154	
779	-1.21643	
780	-0.299988	
781	-3.26385	
782	-4.31305	
783	-3.63281	
784	-0.977478	
785	-4.17999	
786	-3.36761	
787	-3.17261	
788	-2.72156	
789	-3.82965	
790	-4.22638	
791	-3.90625	
792	-3.92975	
793	-4.38232	
794	-4.26849	
795	-4.73175	
796	-2.98248	
797	-3.74268	
798	-3.31482	
799	-4.00177	
800	-3.99902	
801	-3.26538	
802	-3.83026	
803	-5.14832	
804	-4.22668	
805	-2.43896	
806	-4.07867	
807	-3.0545	
808	-3.9743	
809	-4.63226	
810	-3.96271	
811	-3.6026	
812	-3.92487	
813	-4.12018	
814	-2.94861	
815	-3.88763	
816	-4.5401	
817	-3.94348	
818	-4.26239	
819	-4.13574	
820	-3.48907	
821	-3.65173	
822	-3.9801	
823	-1.00037	
824	0.929871	
825	-4.11835	
826	-2.96722	
827	-2.80609	
828	-2.92847	
829	-3.58734	
830	-3.93921	
831	-3.51166	
832	0.959778	
833	-4.92981	
834	-3.27271	
835	-3.91815	
836	-3.94928	
837	-3.76221	
838	-2.07825	
839	-3.88489	
840	-3.89221	
841	-3.97278	
842	-3.74237	
843	-1.95099	
844	-3.13904	
845	-1.39709	
846	-3.52966	
847	-2.00775	
848	-4.11011	
849	-3.75153	
850	-4.65942	
851	-3.59039	
852	-2.47467	
853	-4.00635	
854	-3.98224	
855	-3.38867	
856	-2.77679	
857	-3.91663	
858	-3.7619	
859	-4.11652	
860	-3.46802	
861	-3.84186	
862	-2.52594	
863	-1.94122	
864	-1.20087	
865	-3.8916	
866	-3.65265	
867	-1.60004	
868	-3.32611	
869	-2.94647	
870	-4.12231	
871	-4.36951	
872	-4.48486	
873	-4.22852	
874	-3.59161	
875	-1.24878	
876	-1.95435	
877	0.493164	
878	-3.66028	
879	-2.16644	
880	-2.89398	
881	-3.95966	
882	-3.96423	
883	-4.7113	
884	-3.91876	
885	-3.68805	
886	-3.01361	
887	-4.16504	
888	-3.19122	
889	-0.453796	
890	-3.66028	
891	-1.34857	
892	-3.84644	
893	-4.65179	
894	-3.98682	
895	-4.20166	
896	-3.26813	
897	-4.104	
898	-4.1568	
899	-4.5694	
900	-3.93402	
901	-3.29987	
902	-2.11182	
903	-3.46222	
904	-4.11896	
905	-3.51837	
906	-3.85162	
907	-3.13354	
908	-3.47168	
909	-3.37158	
910	-3.82111	
911	-2.53998	
912	-4.48761	
913	-4.13055	
914	-3.84003	
915	-4.09607	
916	-2.17987	
917	-3.44818	
918	-3.83728	
919	-4.00299	
920	-3.27332	
921	-3.87299	
922	-4.52301	
923	-3.87726	
924	-3.99994	
925	-3.97705	
926	-4.54773	
927	-3.43353	
928	-1.90826	
929	-4.15771	
930	-3.70239	
931	-5.16602	
932	-3.23517	
933	-0.447083	
934	-3.32458	
935	-3.78571	
936	-3.46588	
937	-1.32324	
938	-4.12811	
939	-3.92975	
940	-3.85681	
941	-3.66364	
942	-1.81396	
943	-3.61176	
944	-4.56207	
945	-3.34503	
946	-3.98254	
947	-3.75336	
948	-2.74475	
949	-3.50708	
950	-2.42828	
951	-3.28674	
952	-1.604	
953	-4.67651	
954	-4.16138	
955	-3.82568	
956	-4.4046	
957	-2.31659	
958	-3.68805	
959	-3.59528	
960	-4.15955	
961	-0.953674	
962	-3.87878	
963	-4.26514	
964	-1.92169	
965	-4.2334	
966	-3.46466	
967	-2.54639	
968	-1.87561	
969	-3.91296	
970	-5.4483	
971	-2.21863	
972	-3.34747	
973	-3.61176	
974	-2.80457	
975	-2.50183	
976	-2.54913	
977	-3.82751	
978	-3.31512	
979	-3.37433	
980	-4.26697	
981	-3.70483	
982	-3.39691	
983	-2.14172	
984	-4.24286	
985	-3.38287	
986	-3.81134	
987	-4.37866	
988	-3.02307	
989	-2.13593	
990	-3.70361	
991	-2.10876	
992	-4.7641	
993	-3.92181	
994	-0.822449	
995	-3.85864	
996	-2.41028	
997	1.34216	
998	-3.34045	
999	-4.67407	
1000	-3.70483	
