Scan	  Chan 1	

1	0.658875	
2	-1.67542	
3	-2.26685	
4	1.14471	
5	-0.518494	
6	-2.85278	
7	0.353394	
8	-4.19525	
9	0.295715	
10	-1.32538	
11	-2.20795	
12	-3.26813	
13	-2.01385	
14	-2.69226	
15	-1.09009	
16	0.907593	
17	-1.54175	
18	-1.21368	
19	-0.731812	
20	-3.37433	
21	-2.36877	
22	-3.35114	
23	-3.99109	
24	-0.328979	
25	0.299988	
26	-2.74811	
27	-3.9679	
28	-0.918884	
29	-4.47144	
30	-2.8125	
31	-0.0149536	
32	0.684509	
33	-1.63239	
34	1.20422	
35	0.996094	
36	-0.148621	
37	0.335083	
38	-2.26379	
39	-0.904846	
40	0.551453	
41	-0.968628	
42	-3.34259	
43	-2.57843	
44	-1.82343	
45	-0.28656	
46	-1.76178	
47	-1.10596	
48	-2.63336	
49	-3.57483	
50	-3.35419	
51	-2.73529	
52	-0.350037	
53	-3.75031	
54	-2.66449	
55	-2.38617	
56	-3.10822	
57	-3.27148	
58	-2.42188	
59	0.406799	
60	-3.82294	
61	-0.232544	
62	-0.202332	
63	-2.28149	
64	-3.98865	
65	0.281677	
66	-3.73749	
67	-1.41479	
68	-3.43262	
69	-1.185	
70	-2.33521	
71	-0.00305176	
72	-3.18939	
73	-2.39349	
74	-3.02399	
75	0.793457	
76	-2.0636	
77	-0.848083	
78	-2.66418	
79	-3.33618	
80	-4.95758	
81	4.80896	
82	-3.16315	
83	-2.83051	
84	-1.28357	
85	-1.62079	
86	-1.4212	
87	-3.30963	
88	0.406799	
89	-0.266724	
90	-1.64001	
91	-0.623474	
92	-1.32172	
93	-3.85559	
94	-2.91351	
95	-2.57416	
96	-4.09729	
97	-2.12708	
98	0.359192	
99	-2.16125	
100	-2.85522	
101	-2.82593	
102	-1.65253	
103	-1.89514	
104	-3.48236	
105	-1.80878	
106	-0.646667	
107	0.0436401	
108	-0.823059	
109	0.538635	
110	-2.9953	
111	-2.08588	
112	-3.13568	
113	-0.0540161	
114	-0.017395	
115	0.507812	
116	-3.08197	
117	1.85364	
118	-0.485535	
119	-4.14642	
120	-1.23016	
121	-1.5625	
122	-3.00323	
123	-3.4494	
124	-3.11432	
125	-3.15857	
126	-1.427	
127	-3.50464	
128	-4.04633	
129	-2.42554	
130	2.52869	
131	-2.95624	
132	0.0488281	
133	-2.22809	
134	-3.83026	
135	-1.80969	
136	-0.078125	
137	-0.25238	
138	-2.03094	
139	-1.01257	
140	-3.35541	
141	-1.42242	
142	-3.31696	
143	-2.21832	
144	1.92169	
145	-1.43219	
146	-1.69342	
147	-3.58887	
148	-0.372314	
149	-0.992737	
150	-1.95435	
151	-0.00488281	
152	-1.38519	
153	-3.04932	
154	-0.213928	
155	-3.22205	
156	-1.19812	
157	-0.980225	
158	-3.16711	
159	0.739136	
160	0.205078	
161	-0.504761	
162	-2.06207	
163	-2.84607	
164	0.313721	
165	-1.34735	
166	-1.72729	
167	-3.3078	
168	-0.858765	
169	-2.35779	
170	-2.14264	
171	1.11786	
172	-2.40387	
173	0.794983	
174	-0.606384	
175	-2.00043	
176	-0.88623	
177	-1.90186	
178	-0.344238	
179	-2.27966	
180	0.33905	
181	1.41205	
182	-1.68091	
183	-2.46094	
184	3.65356	
185	-1.45721	
186	-1.52496	
187	-0.953674	
188	-1.97479	
189	-2.87964	
190	-2.85522	
191	-0.445251	
192	-2.63336	
193	0.231628	
194	-2.98523	
195	-1.3797	
196	-3.38531	
197	-0.777893	
198	-0.595093	
199	-3.16498	
200	-2.25006	
201	-2.57812	
202	-2.20703	
203	-0.157471	
204	-2.08435	
205	-0.652771	
206	-3.54858	
207	-1.45294	
208	-3.6203	
209	-0.0442505	
210	-1.69281	
211	-2.48932	
212	-3.17291	
213	-2.85828	
214	-0.202026	
215	-0.740051	
216	-3.44116	
217	0.541687	
218	-3.22723	
219	-3.57574	
220	1.01959	
221	-2.18536	
222	-0.057373	
223	-0.123596	
224	-4.77753	
225	-0.19104	
226	-2.16309	
227	-2.99988	
228	-2.08191	
229	-1.04858	
230	-3.41431	
231	-1.5921	
232	-1.18683	
233	-3.04108	
234	-2.49207	
235	-3.77472	
236	-0.0228882	
237	-2.89551	
238	1.0022	
239	-2.25372	
240	-3.82751	
241	-2.69623	
242	-0.599976	
243	-2.83081	
244	-0.320129	
245	-3.2608	
246	-1.15143	
247	-3.91418	
248	-0.128174	
249	1.26862	
250	-0.898132	
251	-3.01727	
252	-2.95807	
253	-2.14874	
254	0.220642	
255	-0.711975	
256	0.793457	
257	1.63177	
258	-2.00409	
259	-1.50055	
260	-2.97729	
261	-3.37708	
262	-1.59088	
263	-0.510559	
264	-0.745544	
265	-3.64594	
266	-3.05878	
267	-3.92609	
268	-0.401001	
269	-2.44415	
270	-1.86188	
271	-5.61371	
272	-2.86163	
273	-0.866089	
274	-3.60718	
275	-2.74628	
276	-0.551453	
277	-0.505371	
278	-0.728149	
279	-4.27155	
280	-0.774536	
281	-3.03558	
282	-2.80212	
283	-1.33636	
284	-1.87469	
285	-0.386963	
286	1.38916	
287	-3.07343	
288	-3.71857	
289	-3.25409	
290	-2.34131	
291	-3.59436	
292	-2.85858	
293	-3.29773	
294	-3.09021	
295	-1.74438	
296	-3.78601	
297	-1.08856	
298	-0.399475	
299	-0.409241	
300	1.15662	
301	-0.603333	
302	-2.55676	
303	-0.720825	
304	-2.58392	
305	1.13312	
306	-1.97327	
307	0.297546	
308	-0.398254	
309	-3.68866	
310	-0.895691	
311	-4.9884	
312	-1.04401	
313	-1.99158	
314	1.14105	
315	-0.0598145	
316	2.37244	
317	-1.52466	
318	-2.60376	
319	-2.49939	
320	-1.28876	
321	-3.73779	
322	-2.24335	
323	-0.545044	
324	1.94733	
325	-0.154724	
326	-2.76093	
327	-3.66699	
328	-2.49786	
329	-1.87653	
330	-2.06329	
331	-3.5965	
332	-1.11877	
333	-0.645752	
334	0.0390625	
335	-3.19397	
336	-1.95557	
337	-2.13837	
338	-4.07379	
339	-0.685425	
340	-1.11908	
341	-3.63739	
342	-1.19385	
343	-2.35901	
344	0.682983	
345	-2.44659	
346	-0.247498	
347	-3.28217	
348	-1.86249	
349	-3.49426	
350	-3.14026	
351	-2.8067	
352	1.10077	
353	-1.08917	
354	0.376892	
355	-2.40845	
356	0.219421	
357	-1.58936	
358	-1.48773	
359	0.0894165	
360	0.308533	
361	-1.37482	
362	-2.60437	
363	-2.20734	
364	-0.982971	
365	-2.47559	
366	-3.3252	
367	-1.83899	
368	-3.88397	
369	-0.528564	
370	-2.54547	
371	-0.2948	
372	-3.45886	
373	-2.49084	
374	-1.78528	
375	0.358582	
376	-0.367432	
377	-3.49091	
378	-1.62628	
379	-4.43207	
380	-3.15765	
381	-1.08032	
382	-2.49207	
383	-3.29071	
384	-0.982971	
385	-1.94916	
386	-3.46985	
387	-3.07587	
388	0.978394	
389	-2.83813	
390	-2.14081	
391	-3.25958	
392	-3.1485	
393	-2.00348	
394	1.15814	
395	-3.01666	
396	-1.83319	
397	-1.93848	
398	-3.77716	
399	-1.74866	
400	-1.76086	
401	-2.81372	
402	-4.552	
403	-1.4801	
404	-3.56506	
405	-2.17194	
406	-3.44208	
407	-3.36121	
408	-3.29987	
409	-0.779724	
410	-1.63971	
411	-2.90527	
412	1.0553	
413	-4.10858	
414	-1.19293	
415	-3.86047	
416	-3.21533	
417	-1.66016	
418	-0.541687	
419	-1.11725	
420	-1.11664	
421	-1.22375	
422	-5.13885	
423	-2.20734	
424	-0.311279	
425	-0.825195	
426	-0.969543	
427	-2.32788	
428	-1.38672	
429	-2.78229	
430	-3.15704	
431	-1.02081	
432	-2.81708	
433	-2.48016	
434	-0.62561	
435	0.24231	
436	-3.20129	
437	1.08978	
438	-3.79547	
439	1.87469	
440	0.887451	
441	-4.04388	
442	-0.541077	
443	-1.32874	
444	-3.66272	
445	-2.0578	
446	-2.89703	
447	-3.54431	
448	-0.33844	
449	-1.7926	
450	-3.05847	
451	-1.17584	
452	-1.54175	
453	0.284119	
454	-3.80524	
455	-1.71753	
456	-2.30621	
457	-3.3725	
458	-1.89606	
459	-3.53516	
460	-2.84454	
461	-2.30865	
462	-3.54248	
463	-3.13477	
464	0.996704	
465	-3.33435	
466	-0.950317	
467	-0.174255	
468	0.318909	
469	-1.98608	
470	-3.52539	
471	-2.53998	
472	-1.80969	
473	-2.73865	
474	-1.55945	
475	-1.76392	
476	-3.48328	
477	-3.33038	
478	0.0418091	
479	-2.96478	
480	-2.97546	
481	-4.47876	
482	-2.32666	
483	1.53229	
484	-4.76654	
485	-0.779419	
486	-4.10034	
487	-2.80396	
488	0.289917	
489	-0.852356	
490	0.900574	
491	-1.23199	
492	-2.3938	
493	-0.849609	
494	-3.99963	
495	-3.37341	
496	-2.1347	
497	-1.38031	
498	-2.27448	
499	-1.42303	
500	-2.66205	
501	-1.98608	
502	-3.3902	
503	-1.08246	
504	-4.17267	
505	1.026	
506	-1.83533	
507	-2.99683	
508	-0.72052	
509	-3.02124	
510	-2.62054	
511	-1.93481	
512	1.2851	
513	-4.32892	
514	0.0289917	
515	-0.175476	
516	0.932007	
517	-1.1557	
518	-2.79114	
519	-3.85345	
520	-2.21161	
521	-0.992126	
522	-2.54852	
523	-0.30304	
524	-0.312805	
525	-1.65649	
526	1.66595	
527	-3.89709	
528	-2.21008	
529	-0.222168	
530	-0.496216	
531	-4.69849	
532	4.1687	
533	-1.84204	
534	-1.16302	
535	-3.01361	
536	-5.0351	
537	-1.5274	
538	1.9577	
539	-3.01788	
540	-2.54364	
541	-2.24548	
542	-3.02856	
543	1.75446	
544	-1.08704	
545	-1.04614	
546	0.762024	
547	-2.03186	
548	-1.03394	
549	-2.40906	
550	-2.11578	
551	-3.28003	
552	-3.77869	
553	-1.70532	
554	-1.74744	
555	-5.72784	
556	-1.49475	
557	-3.57178	
558	-1.3147	
559	-2.42218	
560	0.214539	
561	-3.55133	
562	-4.03412	
563	0.969543	
564	-3.19031	
565	-2.88574	
566	-3.56506	
567	-0.739746	
568	-1.20636	
569	0.691833	
570	-1.61041	
571	-3.62	
572	0.127869	
573	2.36603	
574	-2.17407	
575	-4.06494	
576	-2.43469	
577	-2.09442	
578	-0.879822	
579	-1.73859	
580	0.457153	
581	-1.97479	
582	-2.9007	
583	-2.62146	
584	-2.52106	
585	-0.0732422	
586	-0.968323	
587	-2.16797	
588	-0.740356	
589	-0.253601	
590	-2.32208	
591	-2.34985	
592	-0.477905	
593	-3.66974	
594	-3.17169	
595	-3.20679	
596	-2.03491	
597	-3.30322	
598	-0.203247	
599	0.666199	
600	-2.87964	
601	-2.69928	
602	-1.62567	
603	-3.57483	
604	-3.53302	
605	-3.2077	
606	-1.50787	
607	-2.31506	
608	-0.583191	
609	0.556946	
610	-2.17987	
611	-2.06635	
612	-2.83508	
613	0.149231	
614	0.256042	
615	-2.67273	
616	-1.49933	
617	-4.07227	
618	-0.960388	
619	1.06262	
620	-1.91406	
621	-1.64551	
622	-3.76587	
623	-0.646973	
624	-0.28595	
625	-0.0369263	
626	-2.40936	
627	-2.33154	
628	0.0799561	
629	-2.95929	
630	-1.2851	
631	-3.02216	
632	-4.534	
633	-2.31079	
634	-3.55072	
635	-4.2395	
636	-0.163269	
637	-1.77277	
638	-2.85889	
639	2.61078	
640	-2.40936	
641	-1.81183	
642	-2.41364	
643	-2.03369	
644	-2.77222	
645	-2.55249	
646	-1.24695	
647	-3.64807	
648	-0.653687	
649	-3.42926	
650	-1.77826	
651	5.51422	
652	-1.67358	
653	0.55481	
654	-0.545349	
655	-2.27783	
656	-4.27155	
657	-0.864563	
658	-3.13782	
659	1.31989	
660	-3.01514	
661	-1.64612	
662	-2.57507	
663	1.6568	
664	-3.0545	
665	0.508423	
666	-2.27325	
667	-2.80823	
668	-1.78864	
669	-0.750427	
670	-1.55243	
671	-1.2442	
672	-4.02832	
673	0.990601	
674	-3.22052	
675	-2.4054	
676	-3.72742	
677	-0.936584	
678	-1.22192	
679	-2.10724	
680	-2.52869	
681	-2.09778	
682	-1.41235	
683	-4.29535	
684	-0.819092	
685	0.948486	
686	-3.8266	
687	1.64459	
688	-3.24615	
689	-1.86981	
690	-3.49823	
691	-2.35474	
692	-0.816956	
693	1.07635	
694	-1.60065	
695	-0.418701	
696	-1.76514	
697	-0.78949	
698	0.495911	
699	-0.324097	
700	-1.53168	
701	-2.16644	
702	-3.53912	
703	-3.59985	
704	0.06073	
705	-2.7951	
706	0.978699	
707	-3.35846	
708	-1.93481	
709	0.953979	
710	-1.35406	
711	2.30865	
712	-2.71118	
713	-3.04535	
714	-3.82324	
715	2.01416	
716	-2.67548	
717	-2.37579	
718	-2.63519	
719	-1.16028	
720	-2.68677	
721	-1.36078	
722	-0.329285	
723	-2.00714	
724	-2.35443	
725	-1.64429	
726	1.0144	
727	-2.69501	
728	-2.96997	
729	-0.667419	
730	-2.39929	
731	-0.196838	
732	-3.27332	
733	-2.92816	
734	-2.59644	
735	-1.95282	
736	-3.10303	
737	0.280457	
738	-3.44696	
739	-2.05048	
740	-1.01501	
741	-3.38409	
742	1.2323	
743	-2.57111	
744	0.925293	
745	-2.85339	
746	3.20587	
747	-2.4765	
748	-2.83478	
749	-2.57141	
750	0.138855	
751	-1.74713	
752	-1.50635	
753	-2.67487	
754	-2.84241	
755	-2.229	
756	-0.124512	
757	-0.354309	
758	0.448303	
759	-0.870972	
760	-3.62823	
761	0.496826	
762	-2.13165	
763	-3.19763	
764	-0.970154	
765	-2.05505	
766	-2.50641	
767	-1.02234	
768	0.80658	
769	-3.42224	
770	-0.0326538	
771	-1.78009	
772	-2.22351	
773	-3.93951	
774	-2.66266	
775	-1.79657	
776	-2.23083	
777	-1.09863	
778	-1.20361	
779	-1.08215	
780	-0.679321	
781	-2.36908	
782	-1.10229	
783	2.63916	
784	0.085144	
785	-1.46179	
786	-2.64221	
787	-0.91095	
788	0.0152588	
789	-1.42792	
790	-1.34491	
791	0.520325	
792	-2.26013	
793	-1.33942	
794	-1.86035	
795	-1.81641	
796	-4.30939	
797	2.9071	
798	-1.84998	
799	-1.91101	
800	-1.67572	
801	-2.03522	
802	-1.98792	
803	-3.71002	
804	-3.17139	
805	-0.372009	
806	-0.481262	
807	-1.98761	
808	-1.22345	
809	-3.93158	
810	0.992737	
811	-2.49542	
812	-0.965881	
813	-3.02673	
814	-3.1546	
815	-4.67072	
816	-1.68579	
817	-2.99591	
818	-0.071106	
819	-2.2229	
820	-2.52014	
821	-2.81525	
822	-1.04706	
823	-2.90894	
824	-1.04553	
825	-2.9538	
826	0.0860596	
827	-3.12103	
828	-2.86377	
829	-1.97998	
830	-3.12531	
831	-3.10486	
832	1.68579	
833	-0.49469	
834	1.31958	
835	-1.36261	
836	-3.70483	
837	-3.20496	
838	-2.3761	
839	-0.66864	
840	-2.63123	
841	0.0668335	
842	-2.91626	
843	0.241699	
844	-2.11456	
845	0.431519	
846	-1.20392	
847	-2.4054	
848	-2.4707	
849	-3.28003	
850	-3.5672	
851	-3.1543	
852	-0.456238	
853	-0.556946	
854	-0.397034	
855	-0.579224	
856	1.15265	
857	-1.20941	
858	-0.761719	
859	-3.25409	
860	0.38147	
861	-3.35297	
862	-0.521851	
863	-3.96942	
864	-1.56647	
865	-4.18915	
866	-2.46399	
867	2.09015	
868	-3.02643	
869	-0.834045	
870	0.120239	
871	-2.20367	
872	-3.76709	
873	-1.94489	
874	-1.95984	
875	-0.463562	
876	-1.87164	
877	-3.25409	
878	-1.10168	
879	1.79626	
880	-1.64337	
881	-1.66931	
882	1.94214	
883	-2.79694	
884	-1.39099	
885	-3.2193	
886	-2.82562	
887	-1.59058	
888	-2.2757	
889	-2.74353	
890	-2.26562	
891	0.314331	
892	4.20532	
893	-1.32935	
894	-3.26996	
895	-1.09497	
896	-4.83307	
897	-2.854	
898	-3.09631	
899	0.785522	
900	-1.84662	
901	-0.984497	
902	-3.45886	
903	-3.30719	
904	-2.99438	
905	-3.27911	
906	-2.04712	
907	1.29242	
908	-2.06543	
909	-1.05255	
910	-1.60645	
911	-2.66144	
912	-0.271606	
913	-0.281372	
914	-3.8562	
915	-1.88141	
916	-4.20654	
917	0.968933	
918	1.85608	
919	-1.00525	
920	-2.74719	
921	-3.62244	
922	-3.12103	
923	-0.1651	
924	-1.90796	
925	-2.68585	
926	-1.64459	
927	-0.585327	
928	1.93207	
929	0.235596	
930	-2.32544	
931	-1.35468	
932	-1.65436	
933	-4.10095	
934	-3.21167	
935	-3.52509	
936	-2.56409	
937	-3.45428	
938	-2.14447	
939	-0.693665	
940	-2.14172	
941	-1.73248	
942	-2.54852	
943	-3.71582	
944	-2.07367	
945	-2.2937	
946	-0.715637	
947	-3.52661	
948	-3.15948	
949	-0.271606	
950	-1.73645	
951	-2.73407	
952	-2.58057	
953	-2.87872	
954	-1.6571	
955	0.93811	
956	-2.57233	
957	0.30365	
958	-1.15143	
959	1.52893	
960	-1.91498	
961	-0.104065	
962	-3.2547	
963	0.186768	
964	-3.36121	
965	-1.9577	
966	-2.41058	
967	-1.76666	
968	-3.37646	
969	-2.76154	
970	1.24847	
971	-4.23645	
972	-1.68396	
973	-3.3725	
974	-1.53015	
975	-0.881653	
976	-3.84888	
977	-1.45111	
978	-2.16919	
979	-1.74072	
980	-1.08948	
981	-3.31909	
982	-3.38165	
983	-3.41522	
984	-1.26465	
985	-3.29529	
986	-2.07336	
987	-1.46149	
988	-0.588379	
989	-3.55682	
990	-0.523376	
991	-5.02014	
992	-2.38007	
993	-4.82758	
994	-2.31598	
995	-2.23236	
996	-1.94336	
997	-4.09729	
998	-2.99774	
999	-0.999451	
1000	-3.85498	
