Scan	  Chan 1	

1	0.57251	
2	-2.65198	
3	4.88312	
4	-3.82446	
5	-3.79517	
6	-0.102844	
7	-2.02667	
8	-1.51031	
9	-0.618286	
10	0.078125	
11	0.887146	
12	-3.32977	
13	-2.6825	
14	-3.16376	
15	0.639648	
16	-2.8064	
17	-2.54547	
18	-2.95197	
19	-1.9104	
20	-1.31134	
21	-2.58362	
22	-3.01636	
23	-2.24518	
24	-3.96149	
25	-0.228882	
26	-1.83319	
27	-2.77435	
28	-0.921021	
29	0.350342	
30	-1.31775	
31	-4.32617	
32	-4.13147	
33	-0.193176	
34	0.61676	
35	-1.10321	
36	1.4444	
37	-4.08417	
38	1.53931	
39	-4.28345	
40	-3.2077	
41	-1.80786	
42	0.0149536	
43	-3.23334	
44	-1.04279	
45	-3.46497	
46	-1.73035	
47	1.39069	
48	-3.05939	
49	-1.07574	
50	-0.172729	
51	-0.79834	
52	0.0799561	
53	-2.79449	
54	-3.22174	
55	0.210876	
56	-1.10016	
57	2.70599	
58	-3.58429	
59	-0.11261	
60	-2.2995	
61	-2.09473	
62	-3.33801	
63	1.17371	
64	-1.40167	
65	-1.78436	
66	-1.10107	
67	-3.60962	
68	1.26617	
69	-3.35114	
70	1.50696	
71	1.57135	
72	-2.2049	
73	-3.75946	
74	-1.59912	
75	-3.3252	
76	0.186157	
77	-0.453186	
78	0.561218	
79	-2.9306	
80	-1.46179	
81	-0.858765	
82	0.175781	
83	-2.35565	
84	-1.68884	
85	-0.40863	
86	-2.49969	
87	-2.8717	
88	0.0769043	
89	-2.8714	
90	-3.33038	
91	-1.75171	
92	-3.88916	
93	-3.32916	
94	-2.00531	
95	-4.19037	
96	-2.99438	
97	1.52924	
98	-2.90375	
99	-3.25531	
100	-5.12665	
101	2.09381	
102	-1.70349	
103	-1.99707	
104	1.02509	
105	-1.763	
106	-0.520935	
107	-4.66919	
108	-1.59912	
109	-3.64685	
110	-2.68768	
111	-0.98877	
112	-4.42963	
113	-2.39502	
114	-0.903931	
115	0.479431	
116	-3.35754	
117	-2.67059	
118	-1.96442	
119	-0.249023	
120	-3.30811	
121	-0.0604248	
122	-2.23724	
123	0.523376	
124	-0.451355	
125	-1.15936	
126	-2.22198	
127	-2.26593	
128	-1.37726	
129	-1.80603	
130	-2.37091	
131	0.449524	
132	-2.06665	
133	-4.8114	
134	-1.43188	
135	2.20459	
136	-0.940247	
137	0.278931	
138	-0.015564	
139	-1.27838	
140	-0.833435	
141	-3.03162	
142	0.999146	
143	-2.2525	
144	-2.03125	
145	-1.30768	
146	-2.13409	
147	-0.447083	
148	-3.93005	
149	-3.28552	
150	-2.17834	
151	-2.57202	
152	-1.05804	
153	-2.11853	
154	-0.0436401	
155	0.263977	
156	0.302734	
157	-2.93091	
158	-3.21899	
159	-1.89575	
160	1.44562	
161	-1.3501	
162	-3.88428	
163	-2.16003	
164	-3.15247	
165	-3.39233	
166	-0.696106	
167	-0.541687	
168	-1.88812	
169	-2.93701	
170	-2.50336	
171	-3.93921	
172	-0.576782	
173	-2.9483	
174	-2.42798	
175	-2.53082	
176	-0.093689	
177	1.42029	
178	-1.80664	
179	-0.683594	
180	-3.83301	
181	-2.34497	
182	-1.58447	
183	-3.82477	
184	-3.95264	
185	-2.20856	
186	-0.469971	
187	-3.58246	
188	-0.062561	
189	-2.29126	
190	-1.86157	
191	-2.78076	
192	0.983276	
193	-4.31335	
194	-3.46466	
195	-2.89032	
196	-1.00403	
197	-2.62329	
198	-1.36322	
199	4.20319	
200	-4.45862	
201	-3.10089	
202	-1.16547	
203	-3.15552	
204	-1.8045	
205	-1.47095	
206	-0.431213	
207	-2.03003	
208	-0.244751	
209	-1.87286	
210	2.229	
211	-0.317078	
212	-0.825806	
213	-2.3642	
214	-2.34955	
215	-2.64771	
216	-1.47888	
217	-3.85712	
218	-3.53973	
219	-3.95142	
220	-2.052	
221	-1.62323	
222	-2.44812	
223	1.21277	
224	-3.03436	
225	-1.0141	
226	-0.852051	
227	-0.566711	
228	-1.50543	
229	-0.672607	
230	-1.14777	
231	-2.78198	
232	-1.73279	
233	-2.11365	
234	-2.89856	
235	-3.92822	
236	-3.66821	
237	-2.55066	
238	-1.40198	
239	-3.22327	
240	-3.40454	
241	-2.13348	
242	-2.31232	
243	-3.96729	
244	-3.65204	
245	-1.75903	
246	-1.32416	
247	-1.44012	
248	-0.956116	
249	-2.92114	
250	1.00647	
251	-1.60156	
252	-2.01141	
253	-0.600891	
254	-0.434875	
255	0.726929	
256	-3.84491	
257	0.151062	
258	1.05194	
259	0	
260	-2.15881	
261	-1.54114	
262	0.925903	
263	-2.95563	
264	-2.32391	
265	-2.72003	
266	-0.680542	
267	-3.01514	
268	-0.602112	
269	1.62842	
270	-2.54913	
271	-5.71564	
272	-3.67462	
273	-3.59222	
274	-1.92993	
275	-3.38013	
276	-2.07733	
277	-1.2265	
278	-1.61926	
279	2.23724	
280	-0.485535	
281	-3.66913	
282	-2.37518	
283	-3.87512	
284	-3.02704	
285	-2.41455	
286	0.0741577	
287	-0.363464	
288	-5.21057	
289	-1.23962	
290	-2.22748	
291	-3.51532	
292	-3.02124	
293	-2.19269	
294	-1.72577	
295	2.52869	
296	-3.29254	
297	-3.19427	
298	-3.66486	
299	-1.80908	
300	-2.06909	
301	-3.82599	
302	-2.57416	
303	-1.54785	
304	-2.49146	
305	-2.1048	
306	0.610962	
307	-0.967712	
308	1.03516	
309	-3.83453	
310	-3.32184	
311	-1.28967	
312	-2.67273	
313	2.32391	
314	-0.567627	
315	-0.91095	
316	-0.334473	
317	-3.8443	
318	0.342712	
319	0.46875	
320	1.39038	
321	-2.76276	
322	1.28723	
323	-0.0918579	
324	-3.88641	
325	-1.65985	
326	1.07025	
327	-3.40179	
328	-0.920715	
329	-1.07269	
330	-2.93549	
331	-2.68005	
332	-0.0808716	
333	-0.495911	
334	-2.02759	
335	-3.09479	
336	-2.56653	
337	-2.8476	
338	-2.56897	
339	-1.4502	
340	2.03644	
341	0.978394	
342	-1.20667	
343	1.44623	
344	-1.23627	
345	-2.89459	
346	-0.75592	
347	-2.03125	
348	-3.20007	
349	-3.39935	
350	-3.44452	
351	-2.47925	
352	-2.36755	
353	0.279541	
354	-0.942993	
355	-1.46729	
356	-0.486755	
357	-2.18048	
358	-0.345764	
359	-1.81976	
360	0.20752	
361	0.296326	
362	-2.09015	
363	-0.357971	
364	2.09656	
365	-1.21765	
366	-4.1922	
367	-2.28821	
368	-1.42487	
369	-0.153198	
370	-0.928345	
371	-0.591736	
372	-2.20215	
373	-2.53418	
374	-0.93811	
375	-0.232544	
376	-2.53784	
377	-0.101624	
378	-3.51257	
379	0.826721	
380	-3.34839	
381	-1.91284	
382	-1.33484	
383	-1.50574	
384	-1.99799	
385	-1.74011	
386	-1.95526	
387	0.741882	
388	-2.64709	
389	-1.09772	
390	-1.64307	
391	-2.61139	
392	-1.60858	
393	-3.51959	
394	-1.75995	
395	-2.78687	
396	-3.90991	
397	-1.41724	
398	-4.7818	
399	-1.39709	
400	0.762329	
401	3.94318	
402	2.01721	
403	-2.7478	
404	-1.96228	
405	-3.05969	
406	-3.36884	
407	-0.418701	
408	-3.29163	
409	-0.800171	
410	-0.415955	
411	0.814514	
412	2.59399	
413	-1.86676	
414	-3.39722	
415	-0.549316	
416	-0.904541	
417	-0.857849	
418	1.37299	
419	-3.4552	
420	-0.344238	
421	-2.26318	
422	-3.13171	
423	3.66455	
424	-0.836182	
425	-1.90033	
426	-1.91071	
427	0.84137	
428	-2.20306	
429	-4.37317	
430	-1.0144	
431	-2.78198	
432	-0.457764	
433	-2.84912	
434	-2.53326	
435	-1.90155	
436	-1.42792	
437	-3.53607	
438	1.30249	
439	-1.69525	
440	-3.25256	
441	-3.44269	
442	0.402527	
443	-0.295715	
444	3.87787	
445	-1.66138	
446	1.40533	
447	-5.97382	
448	-0.88562	
449	-0.101318	
450	-1.74042	
451	-1.2204	
452	0.185852	
453	-2.74536	
454	-2.29584	
455	-3.99719	
456	2.61902	
457	-2.34131	
458	-0.455322	
459	-2.43683	
460	-0.866089	
461	-0.509033	
462	-0.482178	
463	-1.40533	
464	-3.2666	
465	-2.59918	
466	0.0289917	
467	-1.22742	
468	-1.85455	
469	0.119019	
470	-3.04626	
471	-3.03101	
472	-1.75781	
473	-3.27789	
474	-0.404358	
475	-0.254211	
476	-2.32239	
477	-4.06311	
478	-0.0735474	
479	-0.920715	
480	-2.0578	
481	-2.91687	
482	-3.35297	
483	-1.65558	
484	0.982361	
485	0.340576	
486	-1.29913	
487	-1.33881	
488	-0.979004	
489	-3.06152	
490	-1.297	
491	-0.298157	
492	-0.708008	
493	-2.04956	
494	-2.01569	
495	-4.64966	
496	-2.2644	
497	-3.6261	
498	-1.5863	
499	-3.10944	
500	-0.862122	
501	-3.44208	
502	-2.35168	
503	0.0814819	
504	-2.52716	
505	-2.92755	
506	-1.7572	
507	0.639954	
508	-2.62573	
509	-2.88727	
510	-0.987549	
511	-1.56036	
512	-2.02911	
513	-1.85394	
514	-1.20728	
515	-1.56982	
516	-4.57733	
517	-2.4054	
518	-3.40454	
519	0.218811	
520	-3.02155	
521	-1.13617	
522	-2.71454	
523	-2.91779	
524	-3.60016	
525	-4.05731	
526	-0.183411	
527	-2.68524	
528	0.632324	
529	-1.13007	
530	-3.76556	
531	-1.71814	
532	-1.79657	
533	-3.71185	
534	-2.24854	
535	1.72028	
536	-3.00842	
537	-4.7113	
538	-3.87634	
539	-0.235901	
540	-0.766602	
541	-2.50122	
542	0.585632	
543	1.75629	
544	-2.68829	
545	-3.01178	
546	-1.90704	
547	-3.1778	
548	-0.881958	
549	-1.77368	
550	-0.799561	
551	-1.12518	
552	-3.11737	
553	-0.884705	
554	-4.20685	
555	-1.46881	
556	-0.617371	
557	-3.89648	
558	-3.31482	
559	-1.51978	
560	-3.25592	
561	-1.87592	
562	-2.10175	
563	-3.29926	
564	-1.31042	
565	-1.82465	
566	-3.40179	
567	-2.66449	
568	-2.72766	
569	0.579834	
570	0.0515747	
571	-3.57086	
572	-1.54938	
573	-1.01715	
574	1.06201	
575	-2.39563	
576	-1.91925	
577	-1.67084	
578	-2.73895	
579	-2.06573	
580	-2.75208	
581	-0.591736	
582	-3.66791	
583	-1.35803	
584	1.50574	
585	-2.77893	
586	-0.539246	
587	-3.5437	
588	-1.78284	
589	-3.63129	
590	-3.12164	
591	-0.349121	
592	-0.481567	
593	-0.380859	
594	-0.910339	
595	-1.57379	
596	-3.75244	
597	-3.23181	
598	-4.32343	
599	-1.99738	
600	-1.07178	
601	0.526428	
602	-3.24005	
603	-1.29578	
604	-3.87939	
605	-1.52527	
606	-1.39099	
607	-3.46527	
608	-2.44019	
609	-2.22198	
610	-1.61896	
611	-3.55469	
612	-3.17627	
613	-3.62976	
614	-1.75293	
615	-4.45282	
616	-1.92627	
617	-2.89124	
618	-0.133972	
619	2.22473	
620	-4.33807	
621	-1.8457	
622	-2.06726	
623	3.55255	
624	-2.7713	
625	-0.0750732	
626	-0.376892	
627	-2.90375	
628	0.414734	
629	-0.797119	
630	-3.04108	
631	-0.010376	
632	-4.08417	
633	-1.93848	
634	1.45142	
635	0.836182	
636	-1.9104	
637	-2.88391	
638	-4.37805	
639	-2.37823	
640	-1.8277	
641	-1.57745	
642	-3.6499	
643	-1.12183	
644	-0.0292969	
645	-2.79083	
646	-0.0250244	
647	-0.765991	
648	-0.67688	
649	-1.70807	
650	0.0811768	
651	-1.27808	
652	-3.19366	
653	-3.67462	
654	-0.24353	
655	-3.19031	
656	-0.888062	
657	-1.34796	
658	-1.48468	
659	-2.69775	
660	-3.44025	
661	-3.51196	
662	-2.09351	
663	-2.01843	
664	-1.92413	
665	0.501404	
666	1.55975	
667	-2.45758	
668	-1.38794	
669	-4.00116	
670	-3.62518	
671	-0.241699	
672	-2.37671	
673	-1.4444	
674	0.737915	
675	-3.20801	
676	0.161133	
677	-4.83215	
678	-0.786133	
679	-0.482788	
680	-3.23334	
681	-0.554199	
682	2.89795	
683	-1.55609	
684	-2.94403	
685	2.5885	
686	-1.80542	
687	-3.07648	
688	-2.10419	
689	-0.274658	
690	1.38062	
691	-2.50885	
692	-0.0622559	
693	-0.00640869	
694	-3.81805	
695	-1.38	
696	-2.59583	
697	-1.54114	
698	-1.15662	
699	1.82587	
700	0.401611	
701	-1.34491	
702	-3.10699	
703	-3.12469	
704	-1.90247	
705	-0.555725	
706	-2.98126	
707	-2.16797	
708	-2.4411	
709	-1.60828	
710	-1.96991	
711	-1.82373	
712	-2.65991	
713	-2.41821	
714	-3.6969	
715	-2.95807	
716	-2.93701	
717	-3.2785	
718	-2.38525	
719	-0.078125	
720	-1.71143	
721	0.0198364	
722	-3.48724	
723	-3.03589	
724	-1.70349	
725	-4.45923	
726	-2.70294	
727	0.23468	
728	-0.159302	
729	-0.428162	
730	-1.23688	
731	-2.86072	
732	-0.148926	
733	0.432434	
734	-0.933228	
735	-1.59729	
736	0.294495	
737	-1.70502	
738	-3.95325	
739	-2.9718	
740	-2.95593	
741	-1.67145	
742	-0.145569	
743	-3.45642	
744	0.659485	
745	-2.31567	
746	-3.56903	
747	-3.5257	
748	-3.10608	
749	-0.0598145	
750	-0.0210571	
751	-3.13751	
752	-1.58386	
753	-2.96387	
754	-1.32874	
755	-2.62451	
756	-3.27362	
757	0.771484	
758	-2.66907	
759	0.663147	
760	-2.39319	
761	-2.92084	
762	-0.055542	
763	-1.88354	
764	-2.37305	
765	-2.33643	
766	-0.146179	
767	-3.26202	
768	0.496521	
769	-2.26654	
770	-0.413818	
771	-0.819092	
772	-2.34741	
773	-1.25793	
774	-0.915833	
775	-0.0167847	
776	-0.119324	
777	-2.50671	
778	-0.327454	
779	-1.03333	
780	-1.38397	
781	-2.12067	
782	-2.33765	
783	-0.28595	
784	-0.0396729	
785	-0.103149	
786	-1.67969	
787	-1.20972	
788	-1.50238	
789	-2.48474	
790	0.783081	
791	-4.01917	
792	-2.04407	
793	-3.77045	
794	-2.03186	
795	-1.80969	
796	-1.23108	
797	-1.79169	
798	-4.05182	
799	-3.34015	
800	1.2735	
801	-0.500183	
802	-3.26996	
803	-2.40204	
804	-0.25238	
805	0.11261	
806	-2.56775	
807	-3.01483	
808	-1.08948	
809	-3.94897	
810	-1.203	
811	-3.15369	
812	-2.76428	
813	-0.562744	
814	-2.25769	
815	-0.752869	
816	1.0376	
817	0.593567	
818	-2.00897	
819	-2.67365	
820	-2.63916	
821	-4.10339	
822	-2.25586	
823	-2.90955	
824	-0.283203	
825	1.54175	
826	-0.822144	
827	-2.83478	
828	1.48834	
829	-3.83209	
830	-0.0323486	
831	-1.05133	
832	-2.7832	
833	0.673523	
834	-0.282593	
835	-3.25775	
836	-0.197144	
837	-0.449829	
838	-2.83051	
839	-2.32544	
840	-1.30096	
841	3.21198	
842	-2.17926	
843	-0.546875	
844	-3.01514	
845	2.41974	
846	-1.30798	
847	-2.86377	
848	-2.82928	
849	-2.95807	
850	-1.60065	
851	-2.58179	
852	-0.944824	
853	-2.68768	
854	-1.43463	
855	-3.05786	
856	-0.196533	
857	0.865784	
858	-2.80884	
859	-0.956726	
860	-3.54614	
861	-1.56616	
862	-2.68494	
863	-2.14935	
864	0.440369	
865	-2.31537	
866	-0.853882	
867	-3.40149	
868	-1.17157	
869	-2.38159	
870	-4.57764	
871	-2.99591	
872	-3.45947	
873	-0.131226	
874	-2.90863	
875	2.30438	
876	-3.23944	
877	-1.99188	
878	-2.26379	
879	0.469971	
880	-1.40411	
881	-1.4032	
882	0.487976	
883	-2.36816	
884	-1.62109	
885	-2.69714	
886	-0.871277	
887	-1.23474	
888	-3.17902	
889	2.53784	
890	-1.41327	
891	0.134583	
892	-3.66821	
893	0.414429	
894	-3.96637	
895	-2.31201	
896	-2.69623	
897	-1.11481	
898	-1.11542	
899	1.20605	
900	-0.323181	
901	0.791626	
902	0.238647	
903	-0.743408	
904	-1.97723	
905	-3.06396	
906	-2.10358	
907	-3.92578	
908	-2.5647	
909	-2.60101	
910	2.36481	
911	-0.184326	
912	0.443115	
913	-1.18622	
914	-1.90063	
915	-2.24121	
916	-1.58081	
917	-3.37616	
918	-2.89948	
919	-0.366516	
920	-2.60071	
921	-0.26123	
922	-1.84601	
923	-1.10107	
924	-2.70386	
925	-3.03925	
926	-1.86188	
927	-2.01233	
928	-4.02039	
929	-3.23334	
930	-2.53998	
931	-2.59491	
932	-3.03284	
933	-3.61542	
934	-2.60284	
935	-3.83698	
936	-0.148621	
937	-2.81647	
938	-1.31195	
939	-2.74292	
940	-2.06238	
941	-1.38184	
942	0.442505	
943	0.958557	
944	-2.60773	
945	3.73108	
946	-0.0680542	
947	-3.33893	
948	0.388794	
949	-3.68103	
950	-1.00586	
951	-4.56085	
952	0.980225	
953	-3.79639	
954	-2.81494	
955	-4.37592	
956	-1.77277	
957	-2.24487	
958	-1.01135	
959	0.895081	
960	-3.31512	
961	-0.160217	
962	-2.4646	
963	-0.491638	
964	-2.80975	
965	-1.7334	
966	-3.59619	
967	-3.05725	
968	-1.62842	
969	-1.81824	
970	-3.47595	
971	-2.27234	
972	-3.52295	
973	-0.283813	
974	2.69745	
975	0.273132	
976	-0.485229	
977	1.46332	
978	-3.43994	
979	-3.17047	
980	-5.05127	
981	1.48834	
982	-3.7207	
983	-0.366821	
984	-0.444946	
985	-0.196533	
986	-0.872498	
987	-1.97784	
988	-0.865784	
989	-2.95898	
990	-3.72711	
991	-4.06097	
992	1.2384	
993	-0.475159	
994	-3.92273	
995	-0.193176	
996	-1.65131	
997	-2.49115	
998	-1.83716	
999	-2.883	
1000	0.000915527	
