Scan	  Chan 1	

1	5.77301	
2	5.80841	
3	5.78644	
4	5.88562	
5	5.83649	
6	5.76599	
7	5.8429	
8	5.78796	
9	5.84808	
10	5.8371	
11	5.77515	
12	5.82336	
13	5.78278	
14	5.87646	
15	5.84442	
16	5.76355	
17	5.81238	
18	5.79224	
19	5.87616	
20	5.83435	
21	5.77057	
22	5.83862	
23	5.77942	
24	5.85693	
25	5.85083	
26	5.77728	
27	5.80566	
28	5.78827	
29	5.88196	
30	5.83679	
31	5.76904	
32	5.84259	
33	5.78857	
34	5.84839	
35	5.84656	
36	5.77789	
37	5.82794	
38	5.78461	
39	5.87921	
40	5.85205	
41	5.76599	
42	5.82001	
43	5.78979	
44	5.87189	
45	5.83405	
46	5.77423	
47	5.83618	
48	5.78369	
49	5.85693	
50	5.85632	
51	5.77454	
52	5.80566	
53	5.7843	
54	5.87921	
55	5.84473	
56	5.77118	
57	5.83832	
58	5.78583	
59	5.84961	
60	5.84229	
61	5.77728	
62	5.83099	
63	5.78339	
64	5.85175	
65	5.85541	
66	5.76416	
67	5.8139	
68	5.79254	
69	5.87341	
70	5.83466	
71	5.77209	
72	5.83954	
73	5.7843	
74	5.85083	
75	5.85297	
76	5.77332	
77	5.80719	
78	5.78888	
79	5.88287	
80	5.84534	
81	5.76813	
82	5.8371	
83	5.78766	
84	5.85236	
85	5.84534	
86	5.77454	
87	5.83282	
88	5.77789	
89	5.86945	
90	5.85052	
91	5.7724	
92	5.81696	
93	5.79071	
94	5.87463	
95	5.83893	
96	5.77484	
97	5.8432	
98	5.7843	
99	5.85541	
100	5.85541	
101	5.7785	
102	5.80688	
103	5.78278	
104	5.88043	
105	5.84869	
106	5.77515	
107	5.82336	
108	5.78766	
109	5.8493	
110	5.84412	
111	5.77759	
112	5.83221	
113	5.78339	
114	5.86823	
115	5.85815	
116	5.76782	
117	5.81238	
118	5.78918	
119	5.8728	
120	5.83588	
121	5.77271	
122	5.83313	
123	5.78949	
124	5.8548	
125	5.85754	
126	5.77881	
127	5.80048	
128	5.78094	
129	5.88348	
130	5.849	
131	5.76691	
132	5.83221	
133	5.78735	
134	5.85663	
135	5.85297	
136	5.77606	
137	5.82977	
138	5.78033	
139	5.84717	
140	5.85693	
141	5.76874	
142	5.80994	
143	5.78827	
144	5.86914	
145	5.83313	
146	5.77332	
147	5.849	
148	5.7843	
149	5.86334	
150	5.8551	
151	5.77911	
152	5.79895	
153	5.784	
154	5.88226	
155	5.85419	
156	5.77484	
157	5.83466	
158	5.79224	
159	5.85175	
160	5.84564	
161	5.77911	
162	5.83557	
163	5.77911	
164	5.85907	
165	5.85846	
166	5.77057	
167	5.81238	
168	5.79193	
169	5.87311	
170	5.8429	
171	5.77332	
172	5.84442	
173	5.78369	
174	5.83954	
175	5.85693	
176	5.77698	
177	5.80292	
178	5.78339	
179	5.88287	
180	5.8551	
181	5.77454	
182	5.83038	
183	5.78918	
184	5.84961	
185	5.84412	
186	5.7843	
187	5.83038	
188	5.77942	
189	5.85846	
190	5.86182	
191	5.77148	
192	5.81116	
193	5.78735	
194	5.86823	
195	5.83893	
196	5.77118	
197	5.84564	
198	5.78369	
199	5.84717	
200	5.85724	
201	5.77606	
202	5.80597	
203	5.78308	
204	5.88104	
205	5.86029	
206	5.77362	
207	5.82306	
208	5.78979	
209	5.84961	
210	5.84564	
211	5.77911	
212	5.83466	
213	5.7843	
214	5.86609	
215	5.86517	
216	5.77301	
217	5.81055	
218	5.78735	
219	5.87311	
220	5.83862	
221	5.77423	
222	5.83832	
223	5.78491	
224	5.84412	
225	5.85968	
226	5.77881	
227	5.80994	
228	5.7843	
229	5.87372	
230	5.85083	
231	5.77209	
232	5.81848	
233	5.78796	
234	5.85632	
235	5.84564	
236	5.78217	
237	5.83649	
238	5.77942	
239	5.85266	
240	5.86548	
241	5.7724	
242	5.80475	
243	5.78918	
244	5.86853	
245	5.84381	
246	5.77942	
247	5.84412	
248	5.78491	
249	5.85236	
250	5.8551	
251	5.77637	
252	5.8075	
253	5.77942	
254	5.87555	
255	5.8609	
256	5.77301	
257	5.81665	
258	5.78735	
259	5.85907	
260	5.84534	
261	5.78033	
262	5.83557	
263	5.77911	
264	5.85175	
265	5.86761	
266	5.77881	
267	5.80994	
268	5.78857	
269	5.8725	
270	5.84259	
271	5.77728	
272	5.84839	
273	5.78552	
274	5.84534	
275	5.85327	
276	5.78003	
277	5.8136	
278	5.77942	
279	5.8725	
280	5.86426	
281	5.77301	
282	5.82031	
283	5.78705	
284	5.85815	
285	5.84839	
286	5.77911	
287	5.83923	
288	5.77759	
289	5.84747	
290	5.87219	
291	5.78186	
292	5.80475	
293	5.78583	
294	5.86639	
295	5.84778	
296	5.77606	
297	5.84137	
298	5.78644	
299	5.84137	
300	5.8551	
301	5.77789	
302	5.81787	
303	5.77911	
304	5.87128	
305	5.86029	
306	5.77026	
307	5.81879	
308	5.78552	
309	5.85693	
310	5.84473	
311	5.78339	
312	5.84015	
313	5.77423	
314	5.8493	
315	5.86548	
316	5.77789	
317	5.80292	
318	5.78125	
319	5.8667	
320	5.84381	
321	5.77911	
322	5.84351	
323	5.78583	
324	5.84534	
325	5.85236	
326	5.78766	
327	5.82031	
328	5.77454	
329	5.87128	
330	5.85938	
331	5.77179	
332	5.8139	
333	5.78369	
334	5.85846	
335	5.84564	
336	5.78583	
337	5.83862	
338	5.77362	
339	5.84412	
340	5.86761	
341	5.78003	
342	5.80505	
343	5.78003	
344	5.86761	
345	5.84442	
346	5.77972	
347	5.8429	
348	5.78888	
349	5.83649	
350	5.85663	
351	5.78522	
352	5.82825	
353	5.77484	
354	5.86517	
355	5.86517	
356	5.77484	
357	5.81573	
358	5.78461	
359	5.85785	
360	5.84534	
361	5.77911	
362	5.84137	
363	5.77362	
364	5.83313	
365	5.87189	
366	5.78278	
367	5.80444	
368	5.78003	
369	5.87311	
370	5.85541	
371	5.77728	
372	5.84625	
373	5.78278	
374	5.83374	
375	5.85205	
376	5.78094	
377	5.83008	
378	5.77515	
379	5.86121	
380	5.86975	
381	5.7724	
382	5.81879	
383	5.784	
384	5.85815	
385	5.84412	
386	5.78033	
387	5.8432	
388	5.77209	
389	5.84076	
390	5.8725	
391	5.784	
392	5.80627	
393	5.78033	
394	5.86609	
395	5.85785	
396	5.77515	
397	5.84747	
398	5.78064	
399	5.82672	
400	5.85693	
401	5.78827	
402	5.83069	
403	5.77484	
404	5.87524	
405	5.86548	
406	5.77454	
407	5.81696	
408	5.78766	
409	5.85266	
410	5.84686	
411	5.78461	
412	5.84869	
413	5.77301	
414	5.83527	
415	5.8667	
416	5.78918	
417	5.80566	
418	5.77728	
419	5.86151	
420	5.85236	
421	5.77759	
422	5.8371	
423	5.77881	
424	5.83099	
425	5.85205	
426	5.78461	
427	5.83588	
428	5.77332	
429	5.85052	
430	5.86639	
431	5.77576	
432	5.82123	
433	5.78064	
434	5.8493	
435	5.84503	
436	5.78003	
437	5.84137	
438	5.7724	
439	5.84534	
440	5.86945	
441	5.78613	
442	5.81146	
443	5.77423	
444	5.86212	
445	5.85693	
446	5.78308	
447	5.83588	
448	5.77728	
449	5.82458	
450	5.85693	
451	5.78552	
452	5.83282	
453	5.77301	
454	5.83893	
455	5.86334	
456	5.77576	
457	5.81818	
458	5.77789	
459	5.85266	
460	5.84503	
461	5.77759	
462	5.84259	
463	5.77087	
464	5.83191	
465	5.86884	
466	5.78918	
467	5.81146	
468	5.77454	
469	5.85571	
470	5.86395	
471	5.7785	
472	5.8316	
473	5.78033	
474	5.82611	
475	5.84839	
476	5.78583	
477	5.83893	
478	5.76813	
479	5.84045	
480	5.87372	
481	5.78278	
482	5.82092	
483	5.78156	
484	5.84717	
485	5.84564	
486	5.78522	
487	5.84625	
488	5.76965	
489	5.8316	
490	5.867	
491	5.78369	
492	5.81055	
493	5.77271	
494	5.85754	
495	5.86121	
496	5.77728	
497	5.83405	
498	5.77057	
499	5.8252	
500	5.85297	
501	5.79132	
502	5.84045	
503	5.7666	
504	5.83435	
505	5.87341	
506	5.78186	
507	5.81909	
508	5.77545	
509	5.84625	
510	5.84381	
511	5.78094	
512	5.85236	
513	5.77087	
514	5.82855	
515	5.86548	
516	5.78522	
517	5.81573	
518	5.76935	
519	5.85175	
520	5.86273	
521	5.77789	
522	5.83282	
523	5.77362	
524	5.82581	
525	5.84473	
526	5.78979	
527	5.83405	
528	5.76599	
529	5.83374	
530	5.87128	
531	5.78705	
532	5.81696	
533	5.77667	
534	5.83679	
535	5.84839	
536	5.78064	
537	5.85236	
538	5.77545	
539	5.8197	
540	5.86395	
541	5.78705	
542	5.81573	
543	5.76691	
544	5.849	
545	5.86517	
546	5.77911	
547	5.82947	
548	5.77209	
549	5.8255	
550	5.84869	
551	5.78766	
552	5.84229	
553	5.76843	
554	5.80811	
555	5.87769	
556	5.78522	
557	5.81512	
558	5.77148	
559	5.83862	
560	5.8429	
561	5.7843	
562	5.86578	
563	5.77118	
564	5.81299	
565	5.8606	
566	5.78522	
567	5.81787	
568	5.76508	
569	5.84564	
570	5.87891	
571	5.78094	
572	5.82611	
573	5.77423	
574	5.82001	
575	5.84747	
576	5.7901	
577	5.84534	
578	5.75806	
579	5.82123	
580	5.87311	
581	5.78766	
582	5.81879	
583	5.77057	
584	5.8371	
585	5.84625	
586	5.78278	
587	5.86121	
588	5.7663	
589	5.80566	
590	5.86517	
591	5.78796	
592	5.82245	
593	5.76172	
594	5.84503	
595	5.86578	
596	5.77881	
597	5.82886	
598	5.76904	
599	5.81879	
600	5.84412	
601	5.79285	
602	5.84564	
603	5.75897	
604	5.8255	
605	5.88318	
606	5.78583	
607	5.82001	
608	5.77087	
609	5.83252	
610	5.84473	
611	5.78278	
612	5.85938	
613	5.76965	
614	5.8075	
615	5.85785	
616	5.79193	
617	5.82886	
618	5.76233	
619	5.84137	
620	5.86853	
621	5.78522	
622	5.82764	
623	5.77179	
624	5.82367	
625	5.84747	
626	5.79163	
627	5.85114	
628	5.75897	
629	5.82397	
630	5.87646	
631	5.79285	
632	5.81696	
633	5.76782	
634	5.8316	
635	5.85052	
636	5.78156	
637	5.85907	
638	5.76416	
639	5.8075	
640	5.86029	
641	5.79498	
642	5.83557	
643	5.76111	
644	5.82825	
645	5.8609	
646	5.78064	
647	5.82672	
648	5.77545	
649	5.82031	
650	5.84442	
651	5.79224	
652	5.85144	
653	5.75897	
654	5.81451	
655	5.8783	
656	5.79071	
657	5.81848	
658	5.76294	
659	5.83221	
660	5.84991	
661	5.78552	
662	5.85571	
663	5.76477	
664	5.79285	
665	5.85846	
666	5.79193	
667	5.8374	
668	5.75897	
669	5.8252	
670	5.86884	
671	5.78094	
672	5.82733	
673	5.77026	
674	5.81879	
675	5.84747	
676	5.79224	
677	5.849	
678	5.75897	
679	5.80841	
680	5.87402	
681	5.78949	
682	5.81604	
683	5.76111	
684	5.82764	
685	5.85541	
686	5.78308	
687	5.84747	
688	5.76202	
689	5.80048	
690	5.85114	
691	5.79834	
692	5.84412	
693	5.75836	
694	5.82031	
695	5.86853	
696	5.78278	
697	5.82672	
698	5.76752	
699	5.82153	
700	5.84442	
701	5.78918	
702	5.85541	
703	5.75623	
704	5.80566	
705	5.87555	
706	5.79041	
707	5.81573	
708	5.76324	
709	5.82642	
710	5.85938	
711	5.78613	
712	5.84961	
713	5.76294	
714	5.79895	
715	5.84991	
716	5.79132	
717	5.84167	
718	5.755	
719	5.81726	
720	5.8725	
721	5.79285	
722	5.83527	
723	5.76324	
724	5.8136	
725	5.83923	
726	5.78827	
727	5.849	
728	5.7608	
729	5.79926	
730	5.8728	
731	5.79193	
732	5.81543	
733	5.755	
734	5.82214	
735	5.85541	
736	5.78461	
737	5.84686	
738	5.76294	
739	5.80048	
740	5.85083	
741	5.79834	
742	5.84656	
743	5.755	
744	5.80261	
745	5.86975	
746	5.78979	
747	5.82458	
748	5.76691	
749	5.82092	
750	5.83832	
751	5.78735	
752	5.85846	
753	5.75623	
754	5.79895	
755	5.87402	
756	5.79651	
757	5.81787	
758	5.75623	
759	5.82123	
760	5.86548	
761	5.78339	
762	5.84442	
763	5.76813	
764	5.78766	
765	5.8551	
766	5.7959	
767	5.84167	
768	5.75134	
769	5.80261	
770	5.86761	
771	5.78461	
772	5.8255	
773	5.7663	
774	5.80414	
775	5.83466	
776	5.79346	
777	5.85693	
778	5.75623	
779	5.78552	
780	5.86975	
781	5.79376	
782	5.81604	
783	5.7547	
784	5.81329	
785	5.86029	
786	5.78735	
787	5.84717	
788	5.76263	
789	5.79193	
790	5.85052	
791	5.79865	
792	5.84229	
793	5.75317	
794	5.79712	
795	5.87097	
796	5.78766	
797	5.82672	
798	5.75928	
799	5.80536	
800	5.83984	
801	5.78705	
802	5.85114	
803	5.74951	
804	5.79193	
805	5.86823	
806	5.79498	
807	5.82031	
808	5.75378	
809	5.81116	
810	5.86212	
811	5.78766	
812	5.8374	
813	5.7608	
814	5.78949	
815	5.8493	
816	5.80109	
817	5.84747	
818	5.75348	
819	5.81177	
820	5.87189	
821	5.79254	
822	5.82275	
823	5.76233	
824	5.79834	
825	5.83191	
826	5.78766	
827	5.85968	
828	5.75562	
829	5.78125	
830	5.86517	
831	5.79285	
832	5.81879	
833	5.75256	
834	5.80627	
835	5.85327	
836	5.79346	
837	5.83923	
838	5.75745	
839	5.7843	
840	5.84839	
841	5.79437	
842	5.8432	
843	5.74951	
844	5.79041	
845	5.87128	
846	5.7901	
847	5.82428	
848	5.75745	
849	5.79651	
850	5.83923	
851	5.79315	
852	5.8551	
853	5.7547	
854	5.78461	
855	5.85968	
856	5.79498	
857	5.82245	
858	5.75134	
859	5.802	
860	5.867	
861	5.79254	
862	5.84076	
863	5.75623	
864	5.78369	
865	5.8432	
866	5.79803	
867	5.8432	
868	5.75043	
869	5.78522	
870	5.87402	
871	5.78979	
872	5.82092	
873	5.75897	
874	5.79651	
875	5.84015	
876	5.79041	
877	5.85907	
878	5.75684	
879	5.77332	
880	5.85846	
881	5.79742	
882	5.82642	
883	5.75226	
884	5.79773	
885	5.86334	
886	5.78918	
887	5.83405	
888	5.76172	
889	5.77911	
890	5.84015	
891	5.80505	
892	5.85083	
893	5.74677	
894	5.784	
895	5.87219	
896	5.79803	
897	5.81909	
898	5.755	
899	5.7901	
900	5.83405	
901	5.79468	
902	5.86151	
903	5.76019	
904	5.77362	
905	5.84839	
906	5.79437	
907	5.82642	
908	5.75073	
909	5.79315	
910	5.85938	
911	5.79468	
912	5.83099	
913	5.75836	
914	5.78064	
915	5.83954	
916	5.79651	
917	5.84778	
918	5.75531	
919	5.77545	
920	5.87189	
921	5.79651	
922	5.81512	
923	5.75439	
924	5.78857	
925	5.83893	
926	5.79254	
927	5.8609	
928	5.75195	
929	5.77087	
930	5.84808	
931	5.79559	
932	5.83038	
933	5.74921	
934	5.78766	
935	5.85754	
936	5.78705	
937	5.82825	
938	5.75806	
939	5.77759	
940	5.83984	
941	5.79498	
942	5.85205	
943	5.75043	
944	5.77576	
945	5.87097	
946	5.79468	
947	5.81757	
948	5.74829	
949	5.78003	
950	5.84137	
951	5.79712	
952	5.85327	
953	5.75958	
954	5.76508	
955	5.84717	
956	5.8017	
957	5.83466	
958	5.74646	
959	5.78705	
960	5.86334	
961	5.78888	
962	5.82825	
963	5.7608	
964	5.78278	
965	5.83862	
966	5.79712	
967	5.84808	
968	5.74524	
969	5.76294	
970	5.87067	
971	5.79559	
972	5.81268	
973	5.75653	
974	5.78308	
975	5.84045	
976	5.7962	
977	5.85052	
978	5.75195	
979	5.76752	
980	5.84564	
981	5.79773	
982	5.83374	
983	5.74921	
984	5.784	
985	5.86792	
986	5.79163	
987	5.82611	
988	5.755	
989	5.77667	
990	5.83893	
991	5.79773	
992	5.84778	
993	5.74341	
994	5.77148	
995	5.87433	
996	5.79803	
997	5.81329	
998	5.74738	
999	5.78217	
1000	5.84381	
