Scan	  Chan 1	

1	-4.55261	
2	-4.55444	
3	-4.56482	
4	-4.54376	
5	-4.55414	
6	-4.57214	
7	-4.55963	
8	-4.5578	
9	-4.55017	
10	-4.5639	
11	-4.55017	
12	-4.55078	
13	-4.57092	
14	-4.53674	
15	-4.54407	
16	-4.54529	
17	-4.55841	
18	-4.55261	
19	-4.56299	
20	-4.56757	
21	-4.56207	
22	-4.54956	
23	-4.56024	
24	-4.56055	
25	-4.55627	
26	-4.55414	
27	-4.56696	
28	-4.56482	
29	-4.55322	
30	-4.53705	
31	-4.5755	
32	-4.5636	
33	-4.54315	
34	-4.54254	
35	-4.57306	
36	-4.55444	
37	-4.56573	
38	-4.57947	
39	-4.56696	
40	-4.55383	
41	-4.55719	
42	-4.55688	
43	-4.55505	
44	-4.5517	
45	-4.57153	
46	-4.56665	
47	-4.54498	
48	-4.55261	
49	-4.54681	
50	-4.55505	
51	-4.56787	
52	-4.57031	
53	-4.55872	
54	-4.55902	
55	-4.55902	
56	-4.56299	
57	-4.55505	
58	-4.54926	
59	-4.55353	
60	-4.57367	
61	-4.55811	
62	-4.55933	
63	-4.56726	
64	-4.55505	
65	-4.54742	
66	-4.55017	
67	-4.55688	
68	-4.54803	
69	-4.55719	
70	-4.5697	
71	-4.54529	
72	-4.54956	
73	-4.55017	
74	-4.55078	
75	-4.56268	
76	-4.56451	
77	-4.55017	
78	-4.55811	
79	-4.56512	
80	-4.5575	
81	-4.55048	
82	-4.55383	
83	-4.53827	
84	-4.55383	
85	-4.5578	
86	-4.56238	
87	-4.5462	
88	-4.56879	
89	-4.552	
90	-4.5401	
91	-4.55658	
92	-4.56116	
93	-4.54346	
94	-4.5575	
95	-4.56726	
96	-4.5639	
97	-4.54315	
98	-4.54803	
99	-4.54102	
100	-4.55109	
101	-4.54895	
102	-4.55444	
103	-4.5517	
104	-4.54956	
105	-4.5578	
106	-4.55383	
107	-4.55841	
108	-4.54926	
109	-4.55902	
110	-4.56787	
111	-4.54926	
112	-4.56268	
113	-4.57642	
114	-4.55719	
115	-4.53491	
116	-4.55811	
117	-4.56543	
118	-4.55353	
119	-4.56177	
120	-4.57489	
121	-4.54956	
122	-4.55109	
123	-4.54376	
124	-4.55872	
125	-4.55292	
126	-4.55322	
127	-4.56726	
128	-4.56696	
129	-4.55078	
130	-4.55261	
131	-4.55078	
132	-4.55444	
133	-4.55017	
134	-4.54742	
135	-4.55536	
136	-4.55811	
137	-4.55078	
138	-4.55658	
139	-4.54224	
140	-4.53339	
141	-4.54803	
142	-4.56543	
143	-4.54468	
144	-4.54742	
145	-4.56635	
146	-4.56268	
147	-4.54041	
148	-4.54559	
149	-4.5578	
150	-4.54773	
151	-4.55353	
152	-4.55322	
153	-4.55048	
154	-4.5517	
155	-4.55811	
156	-4.56543	
157	-4.56238	
158	-4.54803	
159	-4.55261	
160	-4.55322	
161	-4.5517	
162	-4.55109	
163	-4.56177	
164	-4.552	
165	-4.54102	
166	-4.55383	
167	-4.55902	
168	-4.55048	
169	-4.55902	
170	-4.56207	
171	-4.56238	
172	-4.5401	
173	-4.55292	
174	-4.54773	
175	-4.5575	
176	-4.55902	
177	-4.56268	
178	-4.55414	
179	-4.54742	
180	-4.54987	
181	-4.55109	
182	-4.5517	
183	-4.54132	
184	-4.55109	
185	-4.5575	
186	-4.53796	
187	-4.55109	
188	-4.57062	
189	-4.53979	
190	-4.54468	
191	-4.55444	
192	-4.55811	
193	-4.54468	
194	-4.55322	
195	-4.55902	
196	-4.55414	
197	-4.54834	
198	-4.55292	
199	-4.55322	
200	-4.5575	
201	-4.55933	
202	-4.5575	
203	-4.56024	
204	-4.55505	
205	-4.55353	
206	-4.5697	
207	-4.55261	
208	-4.54651	
209	-4.55322	
210	-4.56696	
211	-4.5578	
212	-4.55902	
213	-4.57184	
214	-4.56024	
215	-4.54407	
216	-4.56787	
217	-4.57306	
218	-4.54987	
219	-4.55414	
220	-4.56329	
221	-4.55414	
222	-4.54651	
223	-4.55292	
224	-4.55872	
225	-4.55017	
226	-4.55444	
227	-4.55719	
228	-4.56146	
229	-4.54468	
230	-4.55597	
231	-4.56665	
232	-4.56299	
233	-4.54926	
234	-4.55475	
235	-4.57123	
236	-4.55688	
237	-4.54102	
238	-4.57062	
239	-4.55292	
240	-4.54102	
241	-4.54651	
242	-4.55627	
243	-4.54315	
244	-4.56329	
245	-4.5636	
246	-4.55872	
247	-4.55261	
248	-4.54956	
249	-4.55841	
250	-4.55078	
251	-4.55261	
252	-4.56635	
253	-4.55475	
254	-4.55444	
255	-4.5578	
256	-4.55933	
257	-4.56909	
258	-4.53979	
259	-4.54376	
260	-4.55475	
261	-4.55414	
262	-4.55048	
263	-4.55902	
264	-4.54956	
265	-4.53796	
266	-4.54987	
267	-4.56299	
268	-4.53918	
269	-4.552	
270	-4.55505	
271	-4.55933	
272	-4.52118	
273	-4.54346	
274	-4.55627	
275	-4.55414	
276	-4.55292	
277	-4.5636	
278	-4.54987	
279	-4.54559	
280	-4.54651	
281	-4.55933	
282	-4.55902	
283	-4.53766	
284	-4.54865	
285	-4.56299	
286	-4.54987	
287	-4.53522	
288	-4.55231	
289	-4.54346	
290	-4.53339	
291	-4.56146	
292	-4.5639	
293	-4.54376	
294	-4.54773	
295	-4.56512	
296	-4.54865	
297	-4.53339	
298	-4.55109	
299	-4.54559	
300	-4.55383	
301	-4.54803	
302	-4.5636	
303	-4.55505	
304	-4.55292	
305	-4.54224	
306	-4.55658	
307	-4.55383	
308	-4.55048	
309	-4.55872	
310	-4.57184	
311	-4.54163	
312	-4.53064	
313	-4.55719	
314	-4.55872	
315	-4.53552	
316	-4.56329	
317	-4.55597	
318	-4.53949	
319	-4.54773	
320	-4.56085	
321	-4.54407	
322	-4.53766	
323	-4.55536	
324	-4.55322	
325	-4.56116	
326	-4.5459	
327	-4.54926	
328	-4.55109	
329	-4.55048	
330	-4.55505	
331	-4.55841	
332	-4.56665	
333	-4.5462	
334	-4.56329	
335	-4.55841	
336	-4.54437	
337	-4.55383	
338	-4.55688	
339	-4.55017	
340	-4.54834	
341	-4.55872	
342	-4.57397	
343	-4.552	
344	-4.56116	
345	-4.57367	
346	-4.55719	
347	-4.54254	
348	-4.54315	
349	-4.56116	
350	-4.56116	
351	-4.54742	
352	-4.55658	
353	-4.56573	
354	-4.55933	
355	-4.54803	
356	-4.5636	
357	-4.55933	
358	-4.53827	
359	-4.55597	
360	-4.5636	
361	-4.5517	
362	-4.55231	
363	-4.55841	
364	-4.55536	
365	-4.54529	
366	-4.55109	
367	-4.57611	
368	-4.54773	
369	-4.54437	
370	-4.57306	
371	-4.53308	
372	-4.54376	
373	-4.54895	
374	-4.55841	
375	-4.55536	
376	-4.54559	
377	-4.54926	
378	-4.54376	
379	-4.54773	
380	-4.55414	
381	-4.55109	
382	-4.55017	
383	-4.55231	
384	-4.552	
385	-4.56635	
386	-4.54468	
387	-4.54865	
388	-4.55658	
389	-4.55872	
390	-4.54224	
391	-4.53857	
392	-4.56512	
393	-4.54926	
394	-4.54498	
395	-4.57092	
396	-4.55902	
397	-4.55597	
398	-4.5517	
399	-4.55444	
400	-4.56482	
401	-4.54254	
402	-4.56329	
403	-4.55444	
404	-4.552	
405	-4.55872	
406	-4.56299	
407	-4.55688	
408	-4.55261	
409	-4.56146	
410	-4.57489	
411	-4.5578	
412	-4.54498	
413	-4.5578	
414	-4.55933	
415	-4.53705	
416	-4.56482	
417	-4.56482	
418	-4.5575	
419	-4.5578	
420	-4.57886	
421	-4.55933	
422	-4.53491	
423	-4.55536	
424	-4.56085	
425	-4.56635	
426	-4.552	
427	-4.55841	
428	-4.5575	
429	-4.5578	
430	-4.55963	
431	-4.57092	
432	-4.5575	
433	-4.56177	
434	-4.56665	
435	-4.57428	
436	-4.54926	
437	-4.54773	
438	-4.55902	
439	-4.5578	
440	-4.53583	
441	-4.56207	
442	-4.57031	
443	-4.55261	
444	-4.54773	
445	-4.56604	
446	-4.5639	
447	-4.54376	
448	-4.56512	
449	-4.55261	
450	-4.5639	
451	-4.56238	
452	-4.56024	
453	-4.54895	
454	-4.53796	
455	-4.54865	
456	-4.55414	
457	-4.56909	
458	-4.55109	
459	-4.56085	
460	-4.56635	
461	-4.54834	
462	-4.54468	
463	-4.54956	
464	-4.5636	
465	-4.54559	
466	-4.55444	
467	-4.56177	
468	-4.55383	
469	-4.55536	
470	-4.57214	
471	-4.56482	
472	-4.54926	
473	-4.55292	
474	-4.57062	
475	-4.56665	
476	-4.55688	
477	-4.56238	
478	-4.56299	
479	-4.56238	
480	-4.55078	
481	-4.55505	
482	-4.55688	
483	-4.54376	
484	-4.56116	
485	-4.56635	
486	-4.55383	
487	-4.5459	
488	-4.55444	
489	-4.55383	
490	-4.55078	
491	-4.55292	
492	-4.56757	
493	-4.54254	
494	-4.5401	
495	-4.56604	
496	-4.55414	
497	-4.54468	
498	-4.55688	
499	-4.55048	
500	-4.5578	
501	-4.55261	
502	-4.55444	
503	-4.5462	
504	-4.55658	
505	-4.55261	
506	-4.55902	
507	-4.55383	
508	-4.54895	
509	-4.56268	
510	-4.57611	
511	-4.5578	
512	-4.5459	
513	-4.55414	
514	-4.53949	
515	-4.54193	
516	-4.54987	
517	-4.56116	
518	-4.55109	
519	-4.54346	
520	-4.57367	
521	-4.55048	
522	-4.53491	
523	-4.54315	
524	-4.55322	
525	-4.55475	
526	-4.54498	
527	-4.55048	
528	-4.54742	
529	-4.55414	
530	-4.54163	
531	-4.55322	
532	-4.55536	
533	-4.54803	
534	-4.55658	
535	-4.57397	
536	-4.55078	
537	-4.55322	
538	-4.552	
539	-4.55475	
540	-4.53979	
541	-4.54956	
542	-4.5694	
543	-4.54254	
544	-4.5575	
545	-4.5636	
546	-4.55811	
547	-4.54407	
548	-4.56177	
549	-4.54956	
550	-4.54926	
551	-4.56055	
552	-4.55261	
553	-4.55109	
554	-4.552	
555	-4.552	
556	-4.55933	
557	-4.56116	
558	-4.5578	
559	-4.56024	
560	-4.56726	
561	-4.55231	
562	-4.55475	
563	-4.54987	
564	-4.55933	
565	-4.53674	
566	-4.55505	
567	-4.56726	
568	-4.54895	
569	-4.54956	
570	-4.57672	
571	-4.5459	
572	-4.53766	
573	-4.55597	
574	-4.55353	
575	-4.55719	
576	-4.55444	
577	-4.55841	
578	-4.55231	
579	-4.54773	
580	-4.54254	
581	-4.54865	
582	-4.55475	
583	-4.54956	
584	-4.55811	
585	-4.56207	
586	-4.5575	
587	-4.54498	
588	-4.54773	
589	-4.55902	
590	-4.53522	
591	-4.54803	
592	-4.56085	
593	-4.54895	
594	-4.55688	
595	-4.56635	
596	-4.54651	
597	-4.53766	
598	-4.54651	
599	-4.56207	
600	-4.55292	
601	-4.55414	
602	-4.55322	
603	-4.55658	
604	-4.53522	
605	-4.55231	
606	-4.54651	
607	-4.55353	
608	-4.54468	
609	-4.54987	
610	-4.57062	
611	-4.5575	
612	-4.53979	
613	-4.55353	
614	-4.55292	
615	-4.52667	
616	-4.56238	
617	-4.56696	
618	-4.54742	
619	-4.5517	
620	-4.56329	
621	-4.5459	
622	-4.53918	
623	-4.56055	
624	-4.55841	
625	-4.54834	
626	-4.55414	
627	-4.56299	
628	-4.55627	
629	-4.54529	
630	-4.54681	
631	-4.55353	
632	-4.55475	
633	-4.54956	
634	-4.55505	
635	-4.56512	
636	-4.55292	
637	-4.54987	
638	-4.55231	
639	-4.55536	
640	-4.52911	
641	-4.54651	
642	-4.55231	
643	-4.54315	
644	-4.55902	
645	-4.57153	
646	-4.55444	
647	-4.54651	
648	-4.54926	
649	-4.55902	
650	-4.552	
651	-4.55078	
652	-4.55292	
653	-4.55597	
654	-4.55017	
655	-4.54437	
656	-4.5459	
657	-4.56085	
658	-4.54163	
659	-4.54803	
660	-4.57581	
661	-4.55261	
662	-4.55017	
663	-4.55688	
664	-4.54803	
665	-4.53796	
666	-4.55017	
667	-4.55872	
668	-4.54376	
669	-4.55505	
670	-4.56696	
671	-4.53583	
672	-4.54071	
673	-4.56512	
674	-4.54498	
675	-4.56177	
676	-4.55811	
677	-4.55719	
678	-4.54987	
679	-4.55475	
680	-4.54071	
681	-4.5462	
682	-4.55597	
683	-4.55322	
684	-4.55627	
685	-4.55109	
686	-4.55292	
687	-4.54529	
688	-4.55963	
689	-4.54956	
690	-4.54163	
691	-4.54681	
692	-4.56635	
693	-4.54834	
694	-4.55292	
695	-4.56635	
696	-4.55322	
697	-4.54559	
698	-4.55719	
699	-4.56635	
700	-4.54865	
701	-4.54132	
702	-4.55688	
703	-4.53613	
704	-4.54498	
705	-4.54376	
706	-4.54376	
707	-4.55505	
708	-4.55505	
709	-4.5517	
710	-4.5694	
711	-4.54224	
712	-4.53644	
713	-4.56757	
714	-4.55811	
715	-4.53339	
716	-4.55261	
717	-4.56451	
718	-4.5459	
719	-4.53918	
720	-4.5636	
721	-4.54071	
722	-4.53339	
723	-4.54742	
724	-4.55444	
725	-4.55109	
726	-4.55505	
727	-4.5401	
728	-4.54376	
729	-4.53674	
730	-4.5401	
731	-4.54681	
732	-4.5517	
733	-4.55841	
734	-4.54803	
735	-4.5517	
736	-4.54987	
737	-4.54681	
738	-4.55719	
739	-4.5459	
740	-4.54681	
741	-4.55536	
742	-4.55933	
743	-4.54376	
744	-4.54498	
745	-4.56451	
746	-4.54926	
747	-4.53766	
748	-4.54773	
749	-4.57214	
750	-4.54803	
751	-4.54681	
752	-4.552	
753	-4.55322	
754	-4.53735	
755	-4.53674	
756	-4.54437	
757	-4.54346	
758	-4.5578	
759	-4.55017	
760	-4.55322	
761	-4.54315	
762	-4.53705	
763	-4.54346	
764	-4.55597	
765	-4.52789	
766	-4.55261	
767	-4.56055	
768	-4.54834	
769	-4.54803	
770	-4.55078	
771	-4.54773	
772	-4.53613	
773	-4.55109	
774	-4.56726	
775	-4.55261	
776	-4.55109	
777	-4.56177	
778	-4.5459	
779	-4.54407	
780	-4.54132	
781	-4.54407	
782	-4.56055	
783	-4.54834	
784	-4.56177	
785	-4.56238	
786	-4.54315	
787	-4.53827	
788	-4.55017	
789	-4.55292	
790	-4.54254	
791	-4.54376	
792	-4.5578	
793	-4.54926	
794	-4.55719	
795	-4.55841	
796	-4.55414	
797	-4.53369	
798	-4.55048	
799	-4.55505	
800	-4.56055	
801	-4.55383	
802	-4.57062	
803	-4.55475	
804	-4.53979	
805	-4.55536	
806	-4.55048	
807	-4.54834	
808	-4.55383	
809	-4.54987	
810	-4.55444	
811	-4.54773	
812	-4.52942	
813	-4.56207	
814	-4.55536	
815	-4.53705	
816	-4.5517	
817	-4.56696	
818	-4.54956	
819	-4.56299	
820	-4.56879	
821	-4.5459	
822	-4.54224	
823	-4.5578	
824	-4.55109	
825	-4.55078	
826	-4.55505	
827	-4.55627	
828	-4.5578	
829	-4.55475	
830	-4.54987	
831	-4.54834	
832	-4.57306	
833	-4.54559	
834	-4.55688	
835	-4.56238	
836	-4.55719	
837	-4.53217	
838	-4.5639	
839	-4.56238	
840	-4.52393	
841	-4.54254	
842	-4.55414	
843	-4.55475	
844	-4.53827	
845	-4.56268	
846	-4.55353	
847	-4.54376	
848	-4.55597	
849	-4.56512	
850	-4.55811	
851	-4.54651	
852	-4.55963	
853	-4.56024	
854	-4.54224	
855	-4.55414	
856	-4.54803	
857	-4.56238	
858	-4.55902	
859	-4.54987	
860	-4.55963	
861	-4.54895	
862	-4.52911	
863	-4.55933	
864	-4.5578	
865	-4.54437	
866	-4.55231	
867	-4.56451	
868	-4.55353	
869	-4.52972	
870	-4.55444	
871	-4.54865	
872	-4.54102	
873	-4.54803	
874	-4.56543	
875	-4.55688	
876	-4.54803	
877	-4.55505	
878	-4.55933	
879	-4.54041	
880	-4.5462	
881	-4.54315	
882	-4.56055	
883	-4.55841	
884	-4.55475	
885	-4.55719	
886	-4.54926	
887	-4.54498	
888	-4.55597	
889	-4.55627	
890	-4.5459	
891	-4.55933	
892	-4.57031	
893	-4.55719	
894	-4.55658	
895	-4.57306	
896	-4.56146	
897	-4.54376	
898	-4.55933	
899	-4.55505	
900	-4.55933	
901	-4.55231	
902	-4.55383	
903	-4.53979	
904	-4.55261	
905	-4.54468	
906	-4.55841	
907	-4.55963	
908	-4.55627	
909	-4.53918	
910	-4.55261	
911	-4.53949	
912	-4.534	
913	-4.5462	
914	-4.55933	
915	-4.52972	
916	-4.5517	
917	-4.56116	
918	-4.54834	
919	-4.54987	
920	-4.56299	
921	-4.54773	
922	-4.53125	
923	-4.5459	
924	-4.55719	
925	-4.54742	
926	-4.54926	
927	-4.5578	
928	-4.55627	
929	-4.54346	
930	-4.55414	
931	-4.5462	
932	-4.56024	
933	-4.55017	
934	-4.54834	
935	-4.552	
936	-4.55048	
937	-4.5401	
938	-4.56116	
939	-4.55292	
940	-4.54224	
941	-4.552	
942	-4.56573	
943	-4.54559	
944	-4.54529	
945	-4.5575	
946	-4.55597	
947	-4.5343	
948	-4.55414	
949	-4.5639	
950	-4.56116	
951	-4.55414	
952	-4.54987	
953	-4.54407	
954	-4.55414	
955	-4.55078	
956	-4.55383	
957	-4.55597	
958	-4.54315	
959	-4.55078	
960	-4.55688	
961	-4.5459	
962	-4.54254	
963	-4.55048	
964	-4.5575	
965	-4.54254	
966	-4.54315	
967	-4.55597	
968	-4.54956	
969	-4.53857	
970	-4.55658	
971	-4.54407	
972	-4.53064	
973	-4.55444	
974	-4.56146	
975	-4.55933	
976	-4.55719	
977	-4.55109	
978	-4.54468	
979	-4.5401	
980	-4.54376	
981	-4.5462	
982	-4.54529	
983	-4.54865	
984	-4.54742	
985	-4.54651	
986	-4.55383	
987	-4.53125	
988	-4.54315	
989	-4.54803	
990	-4.54193	
991	-4.55292	
992	-4.57245	
993	-4.54224	
994	-4.55109	
995	-4.55597	
996	-4.54071	
997	-4.53247	
998	-4.54224	
999	-4.56024	
1000	-4.54102	
