Scan	  Chan 1	

1	-4.11774	
2	-3.91541	
3	-4.28375	
4	-3.89191	
5	-4.42047	
6	-3.90198	
7	-4.2276	
8	-4.31152	
9	-4.20807	
10	-4.14825	
11	-3.80188	
12	-4.4046	
13	-4.22699	
14	-4.3335	
15	-4.27582	
16	-4.12506	
17	-3.36914	
18	-4.26788	
19	-4.37134	
20	-4.35577	
21	-3.66425	
22	-4.3399	
23	-4.29993	
24	-4.54224	
25	-4.50012	
26	-4.26422	
27	-4.05792	
28	-4.04785	
29	-4.21753	
30	-4.21814	
31	-3.66882	
32	-4.56482	
33	-4.27856	
34	-4.14917	
35	-4.41132	
36	-4.151	
37	-4.16229	
38	-4.36157	
39	-3.30414	
40	-4.32343	
41	-3.78693	
42	-4.32831	
43	-4.19525	
44	-3.65112	
45	-3.97491	
46	-3.99902	
47	-3.93158	
48	-4.14307	
49	-4.65363	
50	-4.22241	
51	-4.10614	
52	-3.85742	
53	-4.38934	
54	-4.68231	
55	-4.11682	
56	-4.22394	
57	-4.10004	
58	-4.40155	
59	-3.75946	
60	-4.08386	
61	-4.14825	
62	-4.35486	
63	-4.43909	
64	-3.61176	
65	-4.11224	
66	-4.12903	
67	-4.55627	
68	-4.50623	
69	-4.08356	
70	-3.862	
71	-4.11774	
72	-4.24011	
73	-4.599	
74	-4.30054	
75	-4.47113	
76	-3.75214	
77	-3.85895	
78	-4.27002	
79	-3.94653	
80	-4.11224	
81	-4.33716	
82	-4.3808	
83	-4.35638	
84	-3.88367	
85	-4.52393	
86	-3.86627	
87	-3.73047	
88	-4.34326	
89	-3.83362	
90	-4.18823	
91	-4.13116	
92	-4.48456	
93	-4.30756	
94	-4.30817	
95	-3.73779	
96	-4.09912	
97	-4.27795	
98	-4.46625	
99	-4.30176	
100	-4.3158	
101	-4.19159	
102	-4.25873	
103	-4.18518	
104	-3.96179	
105	-4.37408	
106	-3.81348	
107	-4.3457	
108	-3.68835	
109	-3.88672	
110	-4.02344	
111	-4.15039	
112	-4.28436	
113	-3.66058	
114	-3.9978	
115	-3.96637	
116	-4.38904	
117	-4.1864	
118	-4.27216	
119	-4.3866	
120	-4.49677	
121	-3.98163	
122	-4.43359	
123	-3.66272	
124	-4.22028	
125	-4.50958	
126	-4.31946	
127	-3.97675	
128	-4.25262	
129	-4.50989	
130	-4.32068	
131	-4.32648	
132	-3.74054	
133	-3.95355	
134	-3.96576	
135	-4.37073	
136	-3.93097	
137	-4.14948	
138	-4.28131	
139	-4.17572	
140	-4.70062	
141	-4.36096	
142	-4.53705	
143	-3.84369	
144	-3.82385	
145	-3.86597	
146	-4.15009	
147	-4.68994	
148	-4.18884	
149	-4.27979	
150	-4.07593	
151	-3.77258	
152	-4.20074	
153	-4.03961	
154	-4.19281	
155	-4.2688	
156	-4.66187	
157	-4.44946	
158	-4.20013	
159	-3.94287	
160	-4.25812	
161	-4.44489	
162	-3.72894	
163	-3.703	
164	-3.96973	
165	-4.37531	
166	-4.01245	
167	-4.25293	
168	-4.12384	
169	-4.41925	
170	-4.23004	
171	-4.38477	
172	-3.48175	
173	-4.69482	
174	-4.33716	
175	-4.3103	
176	-4.05426	
177	-4.20532	
178	-3.70972	
179	-4.50836	
180	-4.25995	
181	-4.23157	
182	-4.15405	
183	-4.6106	
184	-4.16901	
185	-4.36646	
186	-4.31915	
187	-4.43451	
188	-4.40582	
189	-4.28711	
190	-4.42108	
191	-3.9859	
192	-3.85345	
193	-4.19891	
194	-3.82843	
195	-4.31305	
196	-4.23462	
197	-4.48425	
198	-4.22882	
199	-4.50256	
200	-4.17633	
201	-3.5434	
202	-4.08783	
203	-3.72192	
204	-4.19891	
205	-4.20319	
206	-3.99536	
207	-4.27429	
208	-4.6933	
209	-4.48914	
210	-4.32556	
211	-4.08234	
212	-3.927	
213	-3.68164	
214	-3.92334	
215	-4.31213	
216	-3.95203	
217	-4.25995	
218	-3.9389	
219	-4.104	
220	-3.59039	
221	-3.97919	
222	-4.73999	
223	-4.30725	
224	-4.3866	
225	-3.87512	
226	-4.36157	
227	-4.25262	
228	-4.19342	
229	-4.88037	
230	-3.56567	
231	-4.2691	
232	-4.15039	
233	-4.37042	
234	-3.85071	
235	-4.46381	
236	-4.58252	
237	-3.573	
238	-4.24408	
239	-3.90442	
240	-4.43604	
241	-4.41193	
242	-3.70178	
243	-3.60535	
244	-3.7796	
245	-4.38416	
246	-4.16229	
247	-4.26483	
248	-3.95477	
249	-3.95386	
250	-3.81073	
251	-4.22607	
252	-3.53363	
253	-4.61548	
254	-4.15649	
255	-4.40399	
256	-4.42627	
257	-3.6203	
258	-4.51416	
259	-4.41376	
260	-3.5144	
261	-4.37988	
262	-4.14795	
263	-4.07776	
264	-4.05212	
265	-4.36829	
266	-4.06769	
267	-3.87482	
268	-4.03473	
269	-3.53271	
270	-4.23615	
271	-4.31183	
272	-3.90411	
273	-4.24194	
274	-4.27704	
275	-4.21173	
276	-4.25873	
277	-4.59564	
278	-4.328	
279	-3.44818	
280	-3.84674	
281	-3.74451	
282	-4.01703	
283	-4.56879	
284	-4.18304	
285	-4.38812	
286	-4.34692	
287	-3.82416	
288	-3.89404	
289	-3.92822	
290	-3.79761	
291	-4.36646	
292	-3.93127	
293	-4.46136	
294	-4.14185	
295	-4.55658	
296	-4.32343	
297	-4.37408	
298	-4.24194	
299	-3.85315	
300	-4.23767	
301	-4.17999	
302	-4.30756	
303	-4.20471	
304	-4.01093	
305	-4.16351	
306	-4.32831	
307	-4.03503	
308	-4.4754	
309	-4.23676	
310	-3.77869	
311	-4.25537	
312	-3.65845	
313	-4.32007	
314	-4.25385	
315	-4.29688	
316	-4.39697	
317	-4.35394	
318	-3.86902	
319	-3.90869	
320	-4.49097	
321	-4.28345	
322	-4.14764	
323	-4.17786	
324	-4.02985	
325	-4.44916	
326	-4.24622	
327	-3.96729	
328	-4.27704	
329	-3.99963	
330	-4.32343	
331	-4.40247	
332	-4.13483	
333	-4.47052	
334	-4.22302	
335	-3.70422	
336	-4.32526	
337	-3.72223	
338	-4.35577	
339	-4.48639	
340	-4.13727	
341	-4.09637	
342	-3.85193	
343	-4.39941	
344	-4.47601	
345	-4.4278	
346	-4.53918	
347	-3.89282	
348	-3.7027	
349	-4.29077	
350	-4.60754	
351	-4.37378	
352	-4.28528	
353	-4.11102	
354	-4.26941	
355	-3.40088	
356	-3.88336	
357	-4.47662	
358	-3.90808	
359	-3.82294	
360	-4.10217	
361	-4.14764	
362	-4.40338	
363	-4.24011	
364	-4.52423	
365	-3.83179	
366	-4.24164	
367	-3.87848	
368	-4.21021	
369	-4.18427	
370	-4.51111	
371	-4.25323	
372	-4.30267	
373	-4.1153	
374	-4.10309	
375	-3.9859	
376	-3.93616	
377	-3.72314	
378	-4.50836	
379	-4.36218	
380	-3.94318	
381	-4.38873	
382	-4.52728	
383	-3.89771	
384	-4.31335	
385	-4.10065	
386	-4.02435	
387	-3.78601	
388	-4.07654	
389	-4.22455	
390	-4.25842	
391	-4.21509	
392	-4.40216	
393	-3.89221	
394	-4.20197	
395	-3.92487	
396	-3.99597	
397	-4.00543	
398	-4.28406	
399	-4.37836	
400	-4.65149	
401	-4.28314	
402	-4.50104	
403	-3.53333	
404	-4.16748	
405	-3.78723	
406	-4.15222	
407	-4.15192	
408	-4.34906	
409	-4.33838	
410	-4.09332	
411	-4.37744	
412	-3.90991	
413	-4.50928	
414	-4.43054	
415	-3.51227	
416	-4.28925	
417	-4.19006	
418	-4.20166	
419	-3.84094	
420	-4.51569	
421	-4.30054	
422	-3.80127	
423	-3.98926	
424	-4.22485	
425	-3.68134	
426	-4.10492	
427	-4.20532	
428	-3.98468	
429	-4.37164	
430	-4.07043	
431	-4.48303	
432	-3.98743	
433	-3.30933	
434	-4.06464	
435	-3.98071	
436	-4.05853	
437	-4.60846	
438	-4.49615	
439	-4.37317	
440	-4.36676	
441	-3.80524	
442	-4.19342	
443	-4.05792	
444	-4.44885	
445	-4.08661	
446	-3.58307	
447	-4.46075	
448	-3.81653	
449	-4.41437	
450	-4.55658	
451	-3.85803	
452	-4.13757	
453	-3.61328	
454	-4.29108	
455	-4.1452	
456	-4.60419	
457	-4.48578	
458	-4.23645	
459	-3.50739	
460	-3.93585	
461	-4.15588	
462	-4.06372	
463	-4.20715	
464	-4.3576	
465	-4.06158	
466	-3.98682	
467	-4.17572	
468	-4.35913	
469	-4.43573	
470	-4.45953	
471	-4.21692	
472	-4.22333	
473	-3.77441	
474	-3.95142	
475	-3.9035	
476	-4.40948	
477	-4.15588	
478	-4.07288	
479	-4.35211	
480	-4.20898	
481	-4.50439	
482	-3.86261	
483	-3.81866	
484	-4.18579	
485	-4.12079	
486	-4.40186	
487	-3.7323	
488	-4.44855	
489	-4.15558	
490	-3.50037	
491	-4.37561	
492	-4.11224	
493	-3.56964	
494	-4.1037	
495	-4.19342	
496	-4.19006	
497	-4.25964	
498	-4.40094	
499	-3.96973	
500	-3.67126	
501	-3.95721	
502	-4.28162	
503	-3.83331	
504	-4.41193	
505	-4.10583	
506	-4.68628	
507	-4.23859	
508	-4.15192	
509	-3.59131	
510	-3.91083	
511	-4.44672	
512	-4.26208	
513	-4.32343	
514	-4.29321	
515	-4.23706	
516	-4.14368	
517	-4.53705	
518	-4.01215	
519	-3.76892	
520	-4.37988	
521	-3.71948	
522	-4.19281	
523	-3.71704	
524	-4.39636	
525	-4.53003	
526	-3.79883	
527	-3.6441	
528	-4.11896	
529	-4.19922	
530	-4.70093	
531	-4.17267	
532	-4.43054	
533	-4.69147	
534	-4.43817	
535	-4.12842	
536	-4.22394	
537	-3.85742	
538	-3.99078	
539	-4.11133	
540	-3.93402	
541	-4.09149	
542	-3.95813	
543	-4.039	
544	-4.34143	
545	-4.23889	
546	-3.78052	
547	-4.57092	
548	-3.54584	
549	-4.23279	
550	-4.23096	
551	-3.81714	
552	-4.37805	
553	-4.1687	
554	-4.15894	
555	-4.31213	
556	-4.37286	
557	-4.26208	
558	-3.94806	
559	-3.71033	
560	-4.17603	
561	-3.86597	
562	-4.64783	
563	-4.31915	
564	-3.69904	
565	-4.01947	
566	-3.92365	
567	-4.50287	
568	-3.96851	
569	-3.90808	
570	-4.37134	
571	-3.88245	
572	-4.16351	
573	-3.992	
574	-4.34875	
575	-4.15802	
576	-4.09882	
577	-4.17786	
578	-4.05396	
579	-3.80005	
580	-4.0799	
581	-4.20929	
582	-4.22974	
583	-3.85376	
584	-4.27368	
585	-4.29504	
586	-4.02405	
587	-4.36951	
588	-3.91876	
589	-3.78571	
590	-4.17328	
591	-4.33319	
592	-4.30511	
593	-4.36279	
594	-4.19769	
595	-4.31488	
596	-3.60626	
597	-4.0033	
598	-4.44733	
599	-4.24469	
600	-4.37958	
601	-4.45648	
602	-3.93494	
603	-4.28986	
604	-4.36127	
605	-4.10736	
606	-3.9386	
607	-4.06647	
608	-4.18243	
609	-3.49365	
610	-4.52881	
611	-4.06403	
612	-4.06158	
613	-4.32953	
614	-4.00177	
615	-3.97064	
616	-3.79272	
617	-4.32526	
618	-4.36829	
619	-4.22974	
620	-3.99597	
621	-4.27826	
622	-4.86542	
623	-4.0976	
624	-4.51569	
625	-4.27063	
626	-4.19952	
627	-3.95752	
628	-4.25415	
629	-4.28101	
630	-4.3222	
631	-4.10492	
632	-4.22028	
633	-3.75397	
634	-3.88733	
635	-4.43665	
636	-3.9444	
637	-4.19861	
638	-4.44366	
639	-4.16321	
640	-3.98102	
641	-4.20319	
642	-4.27277	
643	-4.4516	
644	-3.73352	
645	-3.91388	
646	-4.04175	
647	-4.08478	
648	-3.94226	
649	-4.39972	
650	-3.67981	
651	-4.34143	
652	-4.11224	
653	-4.31885	
654	-4.71863	
655	-4.42322	
656	-4.21021	
657	-4.31671	
658	-3.65662	
659	-4.2395	
660	-3.82416	
661	-4.50256	
662	-4.25537	
663	-3.31757	
664	-3.59253	
665	-4.04846	
666	-3.38135	
667	-4.36249	
668	-4.15253	
669	-4.34052	
670	-3.80493	
671	-4.35394	
672	-4.39697	
673	-4.3811	
674	-4.06891	
675	-3.94897	
676	-3.94958	
677	-4.02985	
678	-4.77234	
679	-4.47571	
680	-4.3045	
681	-4.24774	
682	-4.23706	
683	-3.85132	
684	-4.04144	
685	-3.89343	
686	-4.29657	
687	-4.19708	
688	-4.22272	
689	-4.07715	
690	-4.49585	
691	-4.13361	
692	-4.57672	
693	-4.37408	
694	-3.44391	
695	-4.34082	
696	-3.9386	
697	-4.15344	
698	-4.03656	
699	-3.99353	
700	-3.95966	
701	-4.52972	
702	-3.73535	
703	-4.01001	
704	-4.03351	
705	-4.43848	
706	-4.34143	
707	-3.68469	
708	-4.22363	
709	-4.12872	
710	-4.31305	
711	-4.40552	
712	-4.44855	
713	-4.19159	
714	-4.22394	
715	-4.4574	
716	-3.86322	
717	-4.40857	
718	-4.20898	
719	-3.90442	
720	-4.19281	
721	-4.26788	
722	-4.63959	
723	-4.21448	
724	-3.74786	
725	-4.38812	
726	-4.05243	
727	-4.63318	
728	-4.15131	
729	-4.18671	
730	-4.17297	
731	-4.44824	
732	-4.19342	
733	-4.55444	
734	-3.85468	
735	-4.51904	
736	-3.92059	
737	-4.31091	
738	-4.40491	
739	-3.85193	
740	-4.04388	
741	-4.20166	
742	-3.96301	
743	-4.09027	
744	-3.71704	
745	-3.69446	
746	-4.34235	
747	-4.59473	
748	-4.50775	
749	-4.36707	
750	-4.35394	
751	-3.8028	
752	-4.59473	
753	-3.84155	
754	-4.24622	
755	-4.00513	
756	-4.29382	
757	-4.42261	
758	-4.41803	
759	-4.30237	
760	-3.7149	
761	-4.40369	
762	-4.14642	
763	-4.47296	
764	-3.74054	
765	-4.53156	
766	-3.88184	
767	-4.20044	
768	-4.23676	
769	-4.11591	
770	-4.29779	
771	-3.86322	
772	-4.03137	
773	-4.64386	
774	-4.29871	
775	-4.4519	
776	-4.20685	
777	-4.3515	
778	-4.19342	
779	-4.19495	
780	-3.76984	
781	-4.28406	
782	-3.76434	
783	-4.51874	
784	-4.646	
785	-4.3222	
786	-4.30603	
787	-3.68652	
788	-4.30359	
789	-4.72229	
790	-4.41071	
791	-4.20776	
792	-4.30481	
793	-4.45923	
794	-3.81378	
795	-4.35333	
796	-3.96057	
797	-4.53369	
798	-4.36096	
799	-4.02466	
800	-4.32739	
801	-3.77014	
802	-3.83575	
803	-4.41467	
804	-4.36157	
805	-4.15863	
806	-4.36798	
807	-4.21997	
808	-4.1095	
809	-4.03412	
810	-4.28162	
811	-4.26392	
812	-4.15039	
813	-4.19647	
814	-4.15466	
815	-4.46625	
816	-4.39636	
817	-4.29962	
818	-4.34509	
819	-4.13086	
820	-4.0976	
821	-3.81775	
822	-4.58466	
823	-4.25293	
824	-4.05243	
825	-4.44336	
826	-4.30634	
827	-3.70514	
828	-4.51172	
829	-3.82141	
830	-4.05029	
831	-3.92731	
832	-4.04449	
833	-4.32831	
834	-4.26422	
835	-4.12201	
836	-4.24927	
837	-4.02893	
838	-4.24011	
839	-3.81378	
840	-4.10065	
841	-4.53827	
842	-4.46045	
843	-4.28406	
844	-3.64197	
845	-4.17236	
846	-4.35486	
847	-4.26575	
848	-4.68994	
849	-4.23737	
850	-4.14429	
851	-4.20227	
852	-4.41986	
853	-4.37012	
854	-4.46503	
855	-4.19159	
856	-4.12537	
857	-3.94318	
858	-4.5752	
859	-4.39026	
860	-4.01184	
861	-4.18457	
862	-4.38293	
863	-3.73474	
864	-3.82172	
865	-4.61975	
866	-4.26178	
867	-4.28436	
868	-4.3689	
869	-3.8678	
870	-4.47601	
871	-4.1153	
872	-4.26025	
873	-4.25262	
874	-4.25323	
875	-3.92609	
876	-4.3689	
877	-3.94409	
878	-4.08813	
879	-4.19006	
880	-3.7146	
881	-4.40491	
882	-3.98682	
883	-4.28741	
884	-4.26727	
885	-4.25781	
886	-4.19922	
887	-3.54614	
888	-4.0094	
889	-4.13025	
890	-4.46777	
891	-4.25354	
892	-4.01886	
893	-4.46075	
894	-3.82965	
895	-4.53186	
896	-4.39972	
897	-4.49738	
898	-4.37653	
899	-3.91479	
900	-4.28162	
901	-3.89191	
902	-4.40338	
903	-4.06738	
904	-4.08173	
905	-4.23553	
906	-4.27948	
907	-4.06281	
908	-4.32343	
909	-4.23553	
910	-4.68353	
911	-3.66974	
912	-4.18762	
913	-4.50867	
914	-4.53094	
915	-4.55444	
916	-4.59564	
917	-3.65173	
918	-4.2691	
919	-3.461	
920	-4.04938	
921	-3.61023	
922	-4.18976	
923	-4.23859	
924	-3.68591	
925	-4.00116	
926	-4.24805	
927	-3.83179	
928	-4.04175	
929	-4.06769	
930	-4.30206	
931	-3.77136	
932	-3.99567	
933	-4.11041	
934	-4.49707	
935	-4.10614	
936	-4.20227	
937	-3.82843	
938	-4.42841	
939	-3.3786	
940	-4.27887	
941	-4.3927	
942	-4.20471	
943	-4.26636	
944	-4.16626	
945	-4.46747	
946	-3.73962	
947	-4.29962	
948	-4.27582	
949	-4.30298	
950	-4.19739	
951	-4.10034	
952	-4.26178	
953	-4.42596	
954	-4.27216	
955	-4.23828	
956	-3.84369	
957	-3.6084	
958	-4.18335	
959	-3.80798	
960	-4.0686	
961	-4.21051	
962	-3.86902	
963	-4.16962	
964	-3.92303	
965	-4.1803	
966	-3.638	
967	-3.71155	
968	-4.18213	
969	-3.89282	
970	-4.54529	
971	-4.43542	
972	-4.29321	
973	-4.34509	
974	-3.81439	
975	-4.55933	
976	-3.98499	
977	-4.11011	
978	-4.42566	
979	-4.30054	
980	-4.0744	
981	-4.00299	
982	-3.94684	
983	-3.84186	
984	-4.10614	
985	-4.33075	
986	-4.1687	
987	-3.99841	
988	-4.12262	
989	-3.91113	
990	-4.4165	
991	-4.36371	
992	-4.14917	
993	-4.23615	
994	-3.70331	
995	-4.09576	
996	-3.86688	
997	-4.4754	
998	-4.11224	
999	-3.72284	
1000	-4.36005	
