Scan	  Chan 1	

1	-4.4101	
2	-4.41864	
3	-4.42322	
4	-4.43054	
5	-4.41193	
6	-4.43115	
7	-4.4339	
8	-4.42352	
9	-4.43787	
10	-4.43542	
11	-4.41895	
12	-4.42291	
13	-4.42352	
14	-4.42535	
15	-4.43726	
16	-4.41711	
17	-4.42047	
18	-4.43726	
19	-4.42993	
20	-4.41742	
21	-4.4339	
22	-4.41864	
23	-4.43024	
24	-4.43176	
25	-4.4577	
26	-4.42902	
27	-4.40552	
28	-4.43176	
29	-4.43024	
30	-4.4223	
31	-4.41437	
32	-4.43878	
33	-4.43024	
34	-4.41559	
35	-4.42413	
36	-4.43085	
37	-4.41742	
38	-4.41345	
39	-4.43207	
40	-4.4281	
41	-4.42169	
42	-4.42413	
43	-4.42108	
44	-4.42657	
45	-4.41498	
46	-4.42932	
47	-4.43512	
48	-4.4165	
49	-4.42139	
50	-4.45068	
51	-4.43054	
52	-4.4278	
53	-4.43146	
54	-4.43451	
55	-4.42383	
56	-4.42474	
57	-4.44214	
58	-4.4223	
59	-4.4342	
60	-4.42322	
61	-4.43665	
62	-4.42749	
63	-4.42261	
64	-4.42932	
65	-4.43939	
66	-4.42352	
67	-4.42627	
68	-4.42108	
69	-4.4281	
70	-4.42474	
71	-4.43451	
72	-4.44	
73	-4.42169	
74	-4.42719	
75	-4.42749	
76	-4.41315	
77	-4.4104	
78	-4.4339	
79	-4.42749	
80	-4.42535	
81	-4.41528	
82	-4.44489	
83	-4.422	
84	-4.4281	
85	-4.41376	
86	-4.42841	
87	-4.42352	
88	-4.43085	
89	-4.43787	
90	-4.44458	
91	-4.43573	
92	-4.42993	
93	-4.42261	
94	-4.42322	
95	-4.40491	
96	-4.4339	
97	-4.44885	
98	-4.41833	
99	-4.42596	
100	-4.44519	
101	-4.43115	
102	-4.40979	
103	-4.42291	
104	-4.42841	
105	-4.43115	
106	-4.43359	
107	-4.42841	
108	-4.42841	
109	-4.42047	
110	-4.422	
111	-4.42505	
112	-4.4342	
113	-4.42169	
114	-4.42627	
115	-4.44702	
116	-4.41956	
117	-4.4342	
118	-4.43756	
119	-4.4339	
120	-4.42261	
121	-4.42474	
122	-4.44275	
123	-4.4165	
124	-4.43237	
125	-4.44427	
126	-4.44153	
127	-4.41742	
128	-4.42413	
129	-4.4342	
130	-4.44885	
131	-4.43756	
132	-4.43115	
133	-4.43176	
134	-4.42383	
135	-4.42841	
136	-4.4281	
137	-4.42322	
138	-4.42688	
139	-4.4281	
140	-4.45312	
141	-4.42322	
142	-4.41956	
143	-4.43115	
144	-4.43817	
145	-4.41681	
146	-4.42596	
147	-4.4458	
148	-4.42963	
149	-4.43726	
150	-4.43054	
151	-4.43024	
152	-4.42688	
153	-4.43848	
154	-4.43207	
155	-4.44366	
156	-4.42261	
157	-4.43176	
158	-4.42505	
159	-4.42627	
160	-4.43146	
161	-4.42657	
162	-4.43512	
163	-4.422	
164	-4.43665	
165	-4.45221	
166	-4.43176	
167	-4.42383	
168	-4.43115	
169	-4.43512	
170	-4.41315	
171	-4.43024	
172	-4.44763	
173	-4.43756	
174	-4.43756	
175	-4.43817	
176	-4.45343	
177	-4.42322	
178	-4.43451	
179	-4.4339	
180	-4.43848	
181	-4.43085	
182	-4.43115	
183	-4.44366	
184	-4.42932	
185	-4.42139	
186	-4.42596	
187	-4.44275	
188	-4.41864	
189	-4.43481	
190	-4.45312	
191	-4.42749	
192	-4.42261	
193	-4.43909	
194	-4.43726	
195	-4.43939	
196	-4.42963	
197	-4.43756	
198	-4.43237	
199	-4.41803	
200	-4.43268	
201	-4.43207	
202	-4.4281	
203	-4.43359	
204	-4.43634	
205	-4.43878	
206	-4.42719	
207	-4.4281	
208	-4.43268	
209	-4.43878	
210	-4.42535	
211	-4.43756	
212	-4.44031	
213	-4.43207	
214	-4.43024	
215	-4.43878	
216	-4.42932	
217	-4.42047	
218	-4.42383	
219	-4.43787	
220	-4.43176	
221	-4.4342	
222	-4.44824	
223	-4.43359	
224	-4.42383	
225	-4.42139	
226	-4.44092	
227	-4.42963	
228	-4.43726	
229	-4.43787	
230	-4.44702	
231	-4.43481	
232	-4.42139	
233	-4.43359	
234	-4.42383	
235	-4.41895	
236	-4.43176	
237	-4.42993	
238	-4.42932	
239	-4.42993	
240	-4.44763	
241	-4.44244	
242	-4.40186	
243	-4.4397	
244	-4.43634	
245	-4.43573	
246	-4.42383	
247	-4.43909	
248	-4.43573	
249	-4.43268	
250	-4.43207	
251	-4.43451	
252	-4.42963	
253	-4.42932	
254	-4.44061	
255	-4.44427	
256	-4.43848	
257	-4.43054	
258	-4.4281	
259	-4.42841	
260	-4.41925	
261	-4.42993	
262	-4.44824	
263	-4.43085	
264	-4.43115	
265	-4.43909	
266	-4.43573	
267	-4.41101	
268	-4.42657	
269	-4.44183	
270	-4.43665	
271	-4.43542	
272	-4.43146	
273	-4.42963	
274	-4.422	
275	-4.42535	
276	-4.43634	
277	-4.44519	
278	-4.43329	
279	-4.42749	
280	-4.45038	
281	-4.42078	
282	-4.41864	
283	-4.43085	
284	-4.43481	
285	-4.4162	
286	-4.43726	
287	-4.4339	
288	-4.42108	
289	-4.43268	
290	-4.43451	
291	-4.42993	
292	-4.42261	
293	-4.43573	
294	-4.42474	
295	-4.44092	
296	-4.42932	
297	-4.422	
298	-4.43359	
299	-4.43329	
300	-4.42047	
301	-4.42749	
302	-4.43848	
303	-4.42902	
304	-4.42078	
305	-4.44366	
306	-4.43268	
307	-4.42261	
308	-4.42719	
309	-4.43329	
310	-4.42108	
311	-4.43756	
312	-4.44458	
313	-4.42963	
314	-4.4223	
315	-4.43542	
316	-4.422	
317	-4.41925	
318	-4.41528	
319	-4.44	
320	-4.44427	
321	-4.42108	
322	-4.41833	
323	-4.43085	
324	-4.43176	
325	-4.41711	
326	-4.44092	
327	-4.44672	
328	-4.42535	
329	-4.4339	
330	-4.45587	
331	-4.42566	
332	-4.42108	
333	-4.42932	
334	-4.43848	
335	-4.42841	
336	-4.42413	
337	-4.4397	
338	-4.42688	
339	-4.42719	
340	-4.43054	
341	-4.4278	
342	-4.42169	
343	-4.422	
344	-4.43024	
345	-4.43359	
346	-4.41498	
347	-4.41742	
348	-4.43024	
349	-4.42719	
350	-4.42413	
351	-4.43359	
352	-4.44366	
353	-4.43512	
354	-4.43054	
355	-4.4577	
356	-4.42688	
357	-4.41406	
358	-4.43634	
359	-4.44031	
360	-4.42932	
361	-4.43451	
362	-4.42627	
363	-4.41772	
364	-4.42688	
365	-4.41833	
366	-4.42078	
367	-4.42535	
368	-4.43115	
369	-4.42902	
370	-4.44458	
371	-4.42719	
372	-4.42352	
373	-4.43481	
374	-4.43085	
375	-4.41742	
376	-4.43207	
377	-4.44275	
378	-4.42993	
379	-4.42719	
380	-4.44153	
381	-4.44	
382	-4.41895	
383	-4.43512	
384	-4.43512	
385	-4.43451	
386	-4.43359	
387	-4.44275	
388	-4.43726	
389	-4.4281	
390	-4.42261	
391	-4.42902	
392	-4.42535	
393	-4.43878	
394	-4.44153	
395	-4.44336	
396	-4.43451	
397	-4.43207	
398	-4.43604	
399	-4.43207	
400	-4.42505	
401	-4.43878	
402	-4.43359	
403	-4.42932	
404	-4.43329	
405	-4.43512	
406	-4.4278	
407	-4.41559	
408	-4.422	
409	-4.43359	
410	-4.44366	
411	-4.42566	
412	-4.42535	
413	-4.42078	
414	-4.43848	
415	-4.4281	
416	-4.4342	
417	-4.43848	
418	-4.43512	
419	-4.43024	
420	-4.45038	
421	-4.44214	
422	-4.42261	
423	-4.43268	
424	-4.42291	
425	-4.43207	
426	-4.43481	
427	-4.44702	
428	-4.42261	
429	-4.43115	
430	-4.44641	
431	-4.42902	
432	-4.43573	
433	-4.42596	
434	-4.42993	
435	-4.43817	
436	-4.43176	
437	-4.43848	
438	-4.43634	
439	-4.42749	
440	-4.43237	
441	-4.42841	
442	-4.43787	
443	-4.42291	
444	-4.43451	
445	-4.43604	
446	-4.41772	
447	-4.42902	
448	-4.4339	
449	-4.43756	
450	-4.41223	
451	-4.43024	
452	-4.44275	
453	-4.4342	
454	-4.42657	
455	-4.42627	
456	-4.4339	
457	-4.42688	
458	-4.42261	
459	-4.44397	
460	-4.43237	
461	-4.44031	
462	-4.4281	
463	-4.4281	
464	-4.42535	
465	-4.41498	
466	-4.44	
467	-4.43329	
468	-4.43024	
469	-4.42627	
470	-4.44305	
471	-4.42139	
472	-4.41528	
473	-4.43481	
474	-4.42383	
475	-4.42963	
476	-4.42596	
477	-4.44305	
478	-4.44244	
479	-4.42688	
480	-4.42596	
481	-4.43329	
482	-4.43451	
483	-4.43054	
484	-4.44397	
485	-4.4339	
486	-4.42596	
487	-4.42841	
488	-4.44244	
489	-4.43329	
490	-4.42963	
491	-4.44244	
492	-4.44855	
493	-4.42535	
494	-4.43359	
495	-4.4519	
496	-4.43451	
497	-4.41528	
498	-4.42749	
499	-4.43481	
500	-4.44244	
501	-4.43726	
502	-4.44183	
503	-4.43024	
504	-4.43848	
505	-4.43939	
506	-4.43146	
507	-4.42902	
508	-4.43024	
509	-4.44031	
510	-4.44489	
511	-4.43085	
512	-4.4278	
513	-4.4278	
514	-4.43451	
515	-4.42993	
516	-4.43573	
517	-4.43787	
518	-4.42505	
519	-4.43115	
520	-4.43878	
521	-4.42474	
522	-4.42322	
523	-4.42322	
524	-4.43756	
525	-4.43726	
526	-4.42963	
527	-4.44061	
528	-4.44244	
529	-4.43481	
530	-4.42993	
531	-4.42841	
532	-4.44	
533	-4.42902	
534	-4.42566	
535	-4.45007	
536	-4.43481	
537	-4.42169	
538	-4.43512	
539	-4.44305	
540	-4.42505	
541	-4.43359	
542	-4.44489	
543	-4.42749	
544	-4.43115	
545	-4.43878	
546	-4.42474	
547	-4.42352	
548	-4.43054	
549	-4.44031	
550	-4.44061	
551	-4.4339	
552	-4.44336	
553	-4.43481	
554	-4.43085	
555	-4.43085	
556	-4.44275	
557	-4.44244	
558	-4.43054	
559	-4.43237	
560	-4.44305	
561	-4.4278	
562	-4.42596	
563	-4.43085	
564	-4.43634	
565	-4.41406	
566	-4.44458	
567	-4.44733	
568	-4.44672	
569	-4.43237	
570	-4.43573	
571	-4.43115	
572	-4.42657	
573	-4.44885	
574	-4.44519	
575	-4.44702	
576	-4.43054	
577	-4.44458	
578	-4.43115	
579	-4.44	
580	-4.44397	
581	-4.4278	
582	-4.43542	
583	-4.43359	
584	-4.44244	
585	-4.45648	
586	-4.42841	
587	-4.42352	
588	-4.43512	
589	-4.43878	
590	-4.41528	
591	-4.43573	
592	-4.44153	
593	-4.43787	
594	-4.43237	
595	-4.4278	
596	-4.43909	
597	-4.42383	
598	-4.42841	
599	-4.43756	
600	-4.43359	
601	-4.42902	
602	-4.43115	
603	-4.43329	
604	-4.43665	
605	-4.44	
606	-4.43756	
607	-4.44183	
608	-4.42596	
609	-4.43756	
610	-4.45984	
611	-4.42902	
612	-4.422	
613	-4.43359	
614	-4.44794	
615	-4.42383	
616	-4.44214	
617	-4.44397	
618	-4.44092	
619	-4.42139	
620	-4.44794	
621	-4.43909	
622	-4.42505	
623	-4.43207	
624	-4.42963	
625	-4.44611	
626	-4.43024	
627	-4.43756	
628	-4.43085	
629	-4.43939	
630	-4.41956	
631	-4.43939	
632	-4.44458	
633	-4.43604	
634	-4.44336	
635	-4.44702	
636	-4.43909	
637	-4.41193	
638	-4.42841	
639	-4.45251	
640	-4.43207	
641	-4.43726	
642	-4.44	
643	-4.42688	
644	-4.41895	
645	-4.42505	
646	-4.41772	
647	-4.44061	
648	-4.44397	
649	-4.43268	
650	-4.43878	
651	-4.42657	
652	-4.42993	
653	-4.43268	
654	-4.43085	
655	-4.41803	
656	-4.43146	
657	-4.42902	
658	-4.42566	
659	-4.42627	
660	-4.45312	
661	-4.43207	
662	-4.41681	
663	-4.44092	
664	-4.43604	
665	-4.422	
666	-4.42352	
667	-4.4397	
668	-4.43024	
669	-4.43176	
670	-4.44092	
671	-4.43024	
672	-4.43573	
673	-4.43573	
674	-4.44153	
675	-4.43848	
676	-4.44458	
677	-4.4339	
678	-4.44214	
679	-4.44519	
680	-4.41559	
681	-4.42505	
682	-4.44275	
683	-4.4223	
684	-4.42657	
685	-4.44611	
686	-4.43329	
687	-4.40887	
688	-4.42596	
689	-4.42993	
690	-4.43329	
691	-4.43573	
692	-4.43237	
693	-4.422	
694	-4.42902	
695	-4.41895	
696	-4.43237	
697	-4.4397	
698	-4.43512	
699	-4.44855	
700	-4.44855	
701	-4.42902	
702	-4.42596	
703	-4.43054	
704	-4.4281	
705	-4.41406	
706	-4.43726	
707	-4.44366	
708	-4.43848	
709	-4.43756	
710	-4.44244	
711	-4.43207	
712	-4.42535	
713	-4.42627	
714	-4.43115	
715	-4.43939	
716	-4.43268	
717	-4.42932	
718	-4.41895	
719	-4.43146	
720	-4.42322	
721	-4.43268	
722	-4.43878	
723	-4.43207	
724	-4.43237	
725	-4.44336	
726	-4.42657	
727	-4.41254	
728	-4.43024	
729	-4.43207	
730	-4.41528	
731	-4.43115	
732	-4.4516	
733	-4.43604	
734	-4.43512	
735	-4.43909	
736	-4.42749	
737	-4.4278	
738	-4.43665	
739	-4.44031	
740	-4.44275	
741	-4.44	
742	-4.422	
743	-4.44061	
744	-4.4342	
745	-4.43024	
746	-4.42993	
747	-4.43237	
748	-4.43909	
749	-4.44672	
750	-4.44214	
751	-4.42902	
752	-4.42474	
753	-4.43024	
754	-4.4397	
755	-4.43054	
756	-4.43054	
757	-4.44397	
758	-4.43787	
759	-4.42841	
760	-4.42535	
761	-4.43451	
762	-4.42657	
763	-4.42596	
764	-4.43237	
765	-4.43604	
766	-4.44183	
767	-4.4339	
768	-4.43542	
769	-4.43542	
770	-4.42505	
771	-4.43207	
772	-4.44946	
773	-4.42902	
774	-4.44061	
775	-4.45953	
776	-4.43665	
777	-4.422	
778	-4.44641	
779	-4.43573	
780	-4.4342	
781	-4.43665	
782	-4.44366	
783	-4.43085	
784	-4.43573	
785	-4.43359	
786	-4.44214	
787	-4.43604	
788	-4.43634	
789	-4.43451	
790	-4.4339	
791	-4.42322	
792	-4.41956	
793	-4.43634	
794	-4.43542	
795	-4.4278	
796	-4.43512	
797	-4.44244	
798	-4.43054	
799	-4.42657	
800	-4.45984	
801	-4.42352	
802	-4.42108	
803	-4.43237	
804	-4.44458	
805	-4.44183	
806	-4.4339	
807	-4.44489	
808	-4.43878	
809	-4.43146	
810	-4.43024	
811	-4.44183	
812	-4.43817	
813	-4.42322	
814	-4.44855	
815	-4.44916	
816	-4.44244	
817	-4.43115	
818	-4.4397	
819	-4.43878	
820	-4.42566	
821	-4.42505	
822	-4.44641	
823	-4.4223	
824	-4.42841	
825	-4.44214	
826	-4.43848	
827	-4.42719	
828	-4.42047	
829	-4.43604	
830	-4.44427	
831	-4.43542	
832	-4.44763	
833	-4.43146	
834	-4.42627	
835	-4.42535	
836	-4.42993	
837	-4.44305	
838	-4.44244	
839	-4.43634	
840	-4.44489	
841	-4.43909	
842	-4.42047	
843	-4.44824	
844	-4.43909	
845	-4.42169	
846	-4.42291	
847	-4.43481	
848	-4.42749	
849	-4.42291	
850	-4.43573	
851	-4.42963	
852	-4.41864	
853	-4.42688	
854	-4.43817	
855	-4.43329	
856	-4.43085	
857	-4.43054	
858	-4.42749	
859	-4.40948	
860	-4.42108	
861	-4.41376	
862	-4.4339	
863	-4.42749	
864	-4.42078	
865	-4.43848	
866	-4.43085	
867	-4.422	
868	-4.44	
869	-4.43146	
870	-4.42383	
871	-4.42841	
872	-4.44519	
873	-4.43787	
874	-4.43268	
875	-4.42261	
876	-4.43573	
877	-4.42688	
878	-4.4397	
879	-4.4223	
880	-4.42657	
881	-4.42596	
882	-4.42261	
883	-4.43939	
884	-4.43878	
885	-4.422	
886	-4.42169	
887	-4.45068	
888	-4.42352	
889	-4.43756	
890	-4.44946	
891	-4.42932	
892	-4.42078	
893	-4.42474	
894	-4.44153	
895	-4.43024	
896	-4.42596	
897	-4.44397	
898	-4.43451	
899	-4.43848	
900	-4.4281	
901	-4.43787	
902	-4.43848	
903	-4.41956	
904	-4.43665	
905	-4.44336	
906	-4.42993	
907	-4.43848	
908	-4.44061	
909	-4.44061	
910	-4.41498	
911	-4.43665	
912	-4.4516	
913	-4.43726	
914	-4.44763	
915	-4.46411	
916	-4.42963	
917	-4.41315	
918	-4.43787	
919	-4.44061	
920	-4.422	
921	-4.42841	
922	-4.45007	
923	-4.43817	
924	-4.43024	
925	-4.42505	
926	-4.42841	
927	-4.43268	
928	-4.43451	
929	-4.4339	
930	-4.43604	
931	-4.43451	
932	-4.43207	
933	-4.44092	
934	-4.4281	
935	-4.41742	
936	-4.42322	
937	-4.44519	
938	-4.43451	
939	-4.42566	
940	-4.45221	
941	-4.41376	
942	-4.4223	
943	-4.44214	
944	-4.43939	
945	-4.44733	
946	-4.43542	
947	-4.44275	
948	-4.43024	
949	-4.41925	
950	-4.43542	
951	-4.43756	
952	-4.4342	
953	-4.43146	
954	-4.44031	
955	-4.44031	
956	-4.42688	
957	-4.43573	
958	-4.41742	
959	-4.43329	
960	-4.42413	
961	-4.4342	
962	-4.44183	
963	-4.43481	
964	-4.42261	
965	-4.43939	
966	-4.43481	
967	-4.42291	
968	-4.43024	
969	-4.43237	
970	-4.43512	
971	-4.44031	
972	-4.43604	
973	-4.44061	
974	-4.41895	
975	-4.42688	
976	-4.44275	
977	-4.43512	
978	-4.43604	
979	-4.44061	
980	-4.4519	
981	-4.43756	
982	-4.42566	
983	-4.44	
984	-4.4342	
985	-4.41528	
986	-4.43024	
987	-4.45374	
988	-4.4397	
989	-4.43481	
990	-4.43359	
991	-4.42963	
992	-4.41528	
993	-4.43054	
994	-4.44275	
995	-4.42841	
996	-4.43024	
997	-4.44275	
998	-4.42535	
999	-4.43909	
1000	-4.42688	
