Scan	  Chan 1	

1	-4.57367	
2	-4.56299	
3	-4.55963	
4	-4.57153	
5	-4.58008	
6	-4.57123	
7	-4.57916	
8	-4.57733	
9	-4.5755	
10	-4.56818	
11	-4.57306	
12	-4.5752	
13	-4.57977	
14	-4.56757	
15	-4.56665	
16	-4.58649	
17	-4.5697	
18	-4.56512	
19	-4.58435	
20	-4.58313	
21	-4.56238	
22	-4.57916	
23	-4.58282	
24	-4.57916	
25	-4.56329	
26	-4.5755	
27	-4.57092	
28	-4.5752	
29	-4.57825	
30	-4.57977	
31	-4.57001	
32	-4.56726	
33	-4.55688	
34	-4.57214	
35	-4.58221	
36	-4.56268	
37	-4.57489	
38	-4.57458	
39	-4.56207	
40	-4.56635	
41	-4.58435	
42	-4.57184	
43	-4.56696	
44	-4.57642	
45	-4.57489	
46	-4.57489	
47	-4.57336	
48	-4.58801	
49	-4.5694	
50	-4.56451	
51	-4.56299	
52	-4.57031	
53	-4.57062	
54	-4.5813	
55	-4.58557	
56	-4.55688	
57	-4.56146	
58	-4.5578	
59	-4.5697	
60	-4.56543	
61	-4.54773	
62	-4.56482	
63	-4.57184	
64	-4.54529	
65	-4.55719	
66	-4.56299	
67	-4.55444	
68	-4.54559	
69	-4.57764	
70	-4.56177	
71	-4.55658	
72	-4.55933	
73	-4.57001	
74	-4.5636	
75	-4.53339	
76	-4.55292	
77	-4.55811	
78	-4.57642	
79	-4.55688	
80	-4.56635	
81	-4.56085	
82	-4.57153	
83	-4.55109	
84	-4.55688	
85	-4.55688	
86	-4.53949	
87	-4.56635	
88	-4.57855	
89	-4.54926	
90	-4.55078	
91	-4.5694	
92	-4.55383	
93	-4.54376	
94	-4.55719	
95	-4.57306	
96	-4.55261	
97	-4.5578	
98	-4.56818	
99	-4.55505	
100	-4.54437	
101	-4.53979	
102	-4.54803	
103	-4.56116	
104	-4.55475	
105	-4.55475	
106	-4.54956	
107	-4.54651	
108	-4.5401	
109	-4.56238	
110	-4.55078	
111	-4.54407	
112	-4.55536	
113	-4.57001	
114	-4.56573	
115	-4.54529	
116	-4.56635	
117	-4.56696	
118	-4.54102	
119	-4.56604	
120	-4.5697	
121	-4.56329	
122	-4.56116	
123	-4.54742	
124	-4.56757	
125	-4.55414	
126	-4.55109	
127	-4.55872	
128	-4.57672	
129	-4.55322	
130	-4.55658	
131	-4.5694	
132	-4.54803	
133	-4.552	
134	-4.55383	
135	-4.56299	
136	-4.53857	
137	-4.56543	
138	-4.57092	
139	-4.55292	
140	-4.5462	
141	-4.54926	
142	-4.5578	
143	-4.54987	
144	-4.56329	
145	-4.57825	
146	-4.56268	
147	-4.56299	
148	-4.55872	
149	-4.55597	
150	-4.55322	
151	-4.55688	
152	-4.55933	
153	-4.56116	
154	-4.56146	
155	-4.55475	
156	-4.56207	
157	-4.55841	
158	-4.55627	
159	-4.5755	
160	-4.55872	
161	-4.54803	
162	-4.56573	
163	-4.57916	
164	-4.56696	
165	-4.55261	
166	-4.55627	
167	-4.55078	
168	-4.55841	
169	-4.56299	
170	-4.57611	
171	-4.55902	
172	-4.56207	
173	-4.55719	
174	-4.5636	
175	-4.55933	
176	-4.55597	
177	-4.56635	
178	-4.56726	
179	-4.55261	
180	-4.56451	
181	-4.55261	
182	-4.56665	
183	-4.55933	
184	-4.55597	
185	-4.5694	
186	-4.55627	
187	-4.55719	
188	-4.57336	
189	-4.56268	
190	-4.54346	
191	-4.5459	
192	-4.56573	
193	-4.55475	
194	-4.55658	
195	-4.56696	
196	-4.56329	
197	-4.5459	
198	-4.56146	
199	-4.55902	
200	-4.56299	
201	-4.55353	
202	-4.56604	
203	-4.56757	
204	-4.54803	
205	-4.56238	
206	-4.56543	
207	-4.56512	
208	-4.54926	
209	-4.54681	
210	-4.5697	
211	-4.56635	
212	-4.552	
213	-4.56726	
214	-4.55597	
215	-4.54498	
216	-4.56726	
217	-4.56299	
218	-4.56329	
219	-4.56543	
220	-4.58008	
221	-4.56573	
222	-4.56024	
223	-4.56329	
224	-4.5639	
225	-4.56085	
226	-4.55017	
227	-4.56207	
228	-4.57916	
229	-4.57031	
230	-4.55658	
231	-4.5636	
232	-4.56604	
233	-4.54437	
234	-4.56696	
235	-4.56757	
236	-4.55353	
237	-4.5636	
238	-4.57764	
239	-4.56543	
240	-4.54651	
241	-4.55902	
242	-4.56757	
243	-4.56543	
244	-4.56757	
245	-4.57214	
246	-4.55627	
247	-4.56726	
248	-4.55048	
249	-4.56024	
250	-4.5694	
251	-4.54437	
252	-4.55872	
253	-4.57153	
254	-4.55017	
255	-4.55231	
256	-4.5578	
257	-4.55688	
258	-4.55414	
259	-4.56024	
260	-4.57733	
261	-4.56665	
262	-4.56085	
263	-4.55841	
264	-4.55292	
265	-4.55353	
266	-4.5636	
267	-4.56268	
268	-4.57062	
269	-4.57062	
270	-4.5575	
271	-4.55811	
272	-4.55841	
273	-4.55688	
274	-4.56085	
275	-4.57581	
276	-4.56451	
277	-4.57153	
278	-4.57855	
279	-4.5517	
280	-4.552	
281	-4.55933	
282	-4.56879	
283	-4.5462	
284	-4.56665	
285	-4.57764	
286	-4.56543	
287	-4.56696	
288	-4.57184	
289	-4.55688	
290	-4.55017	
291	-4.56055	
292	-4.55475	
293	-4.56909	
294	-4.55322	
295	-4.57245	
296	-4.56299	
297	-4.56665	
298	-4.55536	
299	-4.56482	
300	-4.57397	
301	-4.54468	
302	-4.5694	
303	-4.57825	
304	-4.56818	
305	-4.53796	
306	-4.55505	
307	-4.56451	
308	-4.55322	
309	-4.56482	
310	-4.5694	
311	-4.55902	
312	-4.56573	
313	-4.55963	
314	-4.56238	
315	-4.55627	
316	-4.55475	
317	-4.552	
318	-4.57092	
319	-4.56757	
320	-4.55841	
321	-4.56543	
322	-4.56818	
323	-4.54407	
324	-4.56696	
325	-4.56238	
326	-4.54803	
327	-4.55353	
328	-4.57428	
329	-4.56696	
330	-4.53644	
331	-4.56299	
332	-4.57336	
333	-4.56787	
334	-4.55872	
335	-4.56787	
336	-4.57062	
337	-4.56299	
338	-4.55963	
339	-4.56543	
340	-4.56482	
341	-4.5694	
342	-4.56573	
343	-4.57764	
344	-4.55811	
345	-4.55536	
346	-4.55719	
347	-4.57001	
348	-4.55231	
349	-4.55963	
350	-4.57733	
351	-4.56451	
352	-4.56451	
353	-4.5755	
354	-4.56604	
355	-4.56635	
356	-4.56329	
357	-4.57672	
358	-4.57733	
359	-4.57092	
360	-4.56879	
361	-4.55597	
362	-4.56726	
363	-4.56299	
364	-4.56055	
365	-4.56268	
366	-4.55048	
367	-4.56604	
368	-4.57367	
369	-4.55536	
370	-4.5517	
371	-4.56604	
372	-4.56726	
373	-4.55109	
374	-4.5697	
375	-4.57123	
376	-4.55933	
377	-4.55261	
378	-4.56451	
379	-4.56512	
380	-4.54193	
381	-4.5578	
382	-4.55688	
383	-4.57306	
384	-4.56482	
385	-4.56879	
386	-4.56116	
387	-4.56512	
388	-4.56024	
389	-4.5639	
390	-4.55505	
391	-4.54803	
392	-4.56665	
393	-4.5816	
394	-4.5578	
395	-4.55536	
396	-4.56635	
397	-4.56543	
398	-4.55048	
399	-4.5575	
400	-4.58801	
401	-4.5639	
402	-4.56055	
403	-4.55933	
404	-4.56909	
405	-4.55536	
406	-4.56207	
407	-4.55627	
408	-4.57031	
409	-4.56238	
410	-4.56787	
411	-4.57031	
412	-4.5575	
413	-4.55383	
414	-4.57123	
415	-4.56879	
416	-4.55078	
417	-4.57336	
418	-4.5871	
419	-4.55933	
420	-4.55872	
421	-4.56268	
422	-4.56573	
423	-4.56055	
424	-4.57458	
425	-4.58496	
426	-4.55902	
427	-4.56024	
428	-4.56543	
429	-4.56207	
430	-4.55719	
431	-4.56299	
432	-4.58313	
433	-4.57458	
434	-4.56177	
435	-4.56757	
436	-4.57642	
437	-4.56024	
438	-4.55658	
439	-4.57184	
440	-4.56512	
441	-4.56757	
442	-4.56543	
443	-4.57397	
444	-4.56329	
445	-4.54926	
446	-4.57001	
447	-4.56879	
448	-4.56146	
449	-4.55658	
450	-4.57123	
451	-4.57367	
452	-4.56604	
453	-4.5578	
454	-4.57153	
455	-4.56635	
456	-4.56512	
457	-4.55811	
458	-4.56757	
459	-4.56146	
460	-4.55902	
461	-4.56696	
462	-4.56879	
463	-4.56085	
464	-4.56696	
465	-4.5636	
466	-4.56909	
467	-4.56482	
468	-4.59259	
469	-4.55963	
470	-4.55048	
471	-4.56055	
472	-4.5636	
473	-4.57581	
474	-4.56635	
475	-4.56146	
476	-4.57336	
477	-4.55505	
478	-4.56604	
479	-4.56543	
480	-4.56909	
481	-4.55811	
482	-4.57031	
483	-4.56818	
484	-4.5578	
485	-4.56055	
486	-4.56299	
487	-4.55017	
488	-4.54956	
489	-4.56573	
490	-4.56726	
491	-4.56573	
492	-4.56055	
493	-4.5755	
494	-4.56116	
495	-4.54895	
496	-4.56207	
497	-4.57428	
498	-4.57733	
499	-4.56299	
500	-4.5575	
501	-4.57336	
502	-4.5639	
503	-4.5575	
504	-4.57001	
505	-4.56238	
506	-4.55322	
507	-4.55536	
508	-4.58801	
509	-4.55536	
510	-4.56818	
511	-4.55017	
512	-4.57214	
513	-4.55017	
514	-4.56604	
515	-4.57062	
516	-4.56451	
517	-4.56024	
518	-4.56146	
519	-4.55841	
520	-4.55383	
521	-4.55597	
522	-4.55383	
523	-4.56909	
524	-4.54926	
525	-4.55963	
526	-4.56482	
527	-4.55536	
528	-4.55811	
529	-4.55231	
530	-4.57184	
531	-4.54987	
532	-4.56085	
533	-4.57367	
534	-4.55048	
535	-4.55811	
536	-4.56451	
537	-4.55872	
538	-4.54376	
539	-4.56207	
540	-4.57153	
541	-4.56177	
542	-4.56329	
543	-4.57001	
544	-4.55444	
545	-4.54071	
546	-4.5636	
547	-4.56909	
548	-4.5697	
549	-4.55658	
550	-4.55078	
551	-4.56146	
552	-4.55414	
553	-4.54132	
554	-4.56909	
555	-4.57031	
556	-4.56177	
557	-4.5694	
558	-4.57672	
559	-4.56207	
560	-4.55261	
561	-4.55444	
562	-4.57245	
563	-4.56299	
564	-4.56238	
565	-4.56482	
566	-4.5578	
567	-4.55109	
568	-4.56451	
569	-4.56055	
570	-4.55933	
571	-4.56024	
572	-4.56726	
573	-4.56604	
574	-4.55933	
575	-4.5578	
576	-4.56085	
577	-4.5639	
578	-4.56116	
579	-4.56146	
580	-4.55841	
581	-4.56909	
582	-4.57092	
583	-4.57306	
584	-4.5575	
585	-4.5462	
586	-4.56451	
587	-4.56726	
588	-4.55536	
589	-4.56665	
590	-4.57092	
591	-4.56757	
592	-4.56177	
593	-4.5578	
594	-4.55719	
595	-4.57092	
596	-4.55811	
597	-4.57794	
598	-4.56146	
599	-4.5697	
600	-4.56757	
601	-4.57306	
602	-4.56543	
603	-4.5517	
604	-4.56573	
605	-4.56482	
606	-4.5639	
607	-4.56085	
608	-4.56696	
609	-4.56696	
610	-4.55017	
611	-4.56451	
612	-4.56116	
613	-4.56238	
614	-4.5517	
615	-4.58008	
616	-4.57367	
617	-4.5517	
618	-4.56299	
619	-4.56299	
620	-4.56512	
621	-4.55109	
622	-4.57123	
623	-4.57062	
624	-4.57764	
625	-4.56696	
626	-4.55353	
627	-4.57184	
628	-4.5578	
629	-4.57062	
630	-4.56726	
631	-4.56665	
632	-4.57031	
633	-4.57489	
634	-4.55841	
635	-4.55383	
636	-4.56818	
637	-4.57306	
638	-4.5694	
639	-4.56665	
640	-4.56879	
641	-4.56665	
642	-4.56116	
643	-4.56512	
644	-4.56146	
645	-4.57153	
646	-4.55688	
647	-4.57001	
648	-4.57947	
649	-4.5575	
650	-4.55872	
651	-4.56726	
652	-4.56177	
653	-4.54651	
654	-4.55933	
655	-4.58435	
656	-4.55811	
657	-4.55261	
658	-4.57428	
659	-4.55902	
660	-4.54468	
661	-4.56726	
662	-4.57489	
663	-4.56268	
664	-4.57458	
665	-4.56146	
666	-4.57397	
667	-4.55688	
668	-4.55292	
669	-4.56543	
670	-4.56238	
671	-4.5459	
672	-4.56177	
673	-4.57825	
674	-4.55353	
675	-4.54681	
676	-4.5578	
677	-4.55658	
678	-4.552	
679	-4.55597	
680	-4.56757	
681	-4.54803	
682	-4.54437	
683	-4.55383	
684	-4.5636	
685	-4.54956	
686	-4.55444	
687	-4.55719	
688	-4.56024	
689	-4.54498	
690	-4.55841	
691	-4.5575	
692	-4.56573	
693	-4.55292	
694	-4.56268	
695	-4.57031	
696	-4.56024	
697	-4.56299	
698	-4.57458	
699	-4.56207	
700	-4.54895	
701	-4.55658	
702	-4.5697	
703	-4.55322	
704	-4.55383	
705	-4.57886	
706	-4.55963	
707	-4.55383	
708	-4.56696	
709	-4.55627	
710	-4.55902	
711	-4.56116	
712	-4.57123	
713	-4.55109	
714	-4.55505	
715	-4.55627	
716	-4.56299	
717	-4.55933	
718	-4.54407	
719	-4.57031	
720	-4.57916	
721	-4.56665	
722	-4.5575	
723	-4.56787	
724	-4.55475	
725	-4.54926	
726	-4.56512	
727	-4.57184	
728	-4.55872	
729	-4.56818	
730	-4.58038	
731	-4.55475	
732	-4.55261	
733	-4.54529	
734	-4.56329	
735	-4.55841	
736	-4.56512	
737	-4.5639	
738	-4.57367	
739	-4.55536	
740	-4.54407	
741	-4.55109	
742	-4.54865	
743	-4.55231	
744	-4.552	
745	-4.57153	
746	-4.55231	
747	-4.55627	
748	-4.57642	
749	-4.56116	
750	-4.53491	
751	-4.55841	
752	-4.56726	
753	-4.55597	
754	-4.55475	
755	-4.57001	
756	-4.57245	
757	-4.56146	
758	-4.57397	
759	-4.55902	
760	-4.55933	
761	-4.5697	
762	-4.56482	
763	-4.57642	
764	-4.56818	
765	-4.55109	
766	-4.55322	
767	-4.57153	
768	-4.55688	
769	-4.56024	
770	-4.58435	
771	-4.56268	
772	-4.54651	
773	-4.5813	
774	-4.54895	
775	-4.54987	
776	-4.57123	
777	-4.57428	
778	-4.57062	
779	-4.56726	
780	-4.56818	
781	-4.57397	
782	-4.56116	
783	-4.56146	
784	-4.56482	
785	-4.57428	
786	-4.57794	
787	-4.56116	
788	-4.57489	
789	-4.55658	
790	-4.56329	
791	-4.56116	
792	-4.56909	
793	-4.5462	
794	-4.56818	
795	-4.57947	
796	-4.5575	
797	-4.56085	
798	-4.57031	
799	-4.57153	
800	-4.55597	
801	-4.56299	
802	-4.55902	
803	-4.57245	
804	-4.56543	
805	-4.57916	
806	-4.54742	
807	-4.56024	
808	-4.55597	
809	-4.5578	
810	-4.57825	
811	-4.56207	
812	-4.56268	
813	-4.57947	
814	-4.57031	
815	-4.54987	
816	-4.57306	
817	-4.5575	
818	-4.55017	
819	-4.55872	
820	-4.58252	
821	-4.55688	
822	-4.54651	
823	-4.56543	
824	-4.54346	
825	-4.5517	
826	-4.55933	
827	-4.57092	
828	-4.56329	
829	-4.55627	
830	-4.55658	
831	-4.55811	
832	-4.57031	
833	-4.56451	
834	-4.56757	
835	-4.57306	
836	-4.56787	
837	-4.55841	
838	-4.57733	
839	-4.55963	
840	-4.55231	
841	-4.55658	
842	-4.56818	
843	-4.54956	
844	-4.57306	
845	-4.57336	
846	-4.56879	
847	-4.55261	
848	-4.56329	
849	-4.55963	
850	-4.56726	
851	-4.57123	
852	-4.57764	
853	-4.56665	
854	-4.55688	
855	-4.56024	
856	-4.55963	
857	-4.57214	
858	-4.5575	
859	-4.55475	
860	-4.56696	
861	-4.56146	
862	-4.56146	
863	-4.56604	
864	-4.55109	
865	-4.55078	
866	-4.56177	
867	-4.56818	
868	-4.56879	
869	-4.56512	
870	-4.57153	
871	-4.55078	
872	-4.55841	
873	-4.55658	
874	-4.57397	
875	-4.57001	
876	-4.56757	
877	-4.57123	
878	-4.56238	
879	-4.56024	
880	-4.5517	
881	-4.56085	
882	-4.57031	
883	-4.55444	
884	-4.55414	
885	-4.57367	
886	-4.5578	
887	-4.56299	
888	-4.57062	
889	-4.55597	
890	-4.54651	
891	-4.55902	
892	-4.56268	
893	-4.5636	
894	-4.56299	
895	-4.56543	
896	-4.56665	
897	-4.55597	
898	-4.5517	
899	-4.5575	
900	-4.56818	
901	-4.56238	
902	-4.54987	
903	-4.57123	
904	-4.5462	
905	-4.55444	
906	-4.55811	
907	-4.5636	
908	-4.5343	
909	-4.55933	
910	-4.57794	
911	-4.5636	
912	-4.54559	
913	-4.56543	
914	-4.54956	
915	-4.5575	
916	-4.5575	
917	-4.56085	
918	-4.55872	
919	-4.56909	
920	-4.55231	
921	-4.55658	
922	-4.55963	
923	-4.54773	
924	-4.55872	
925	-4.5636	
926	-4.55383	
927	-4.55475	
928	-4.56818	
929	-4.55322	
930	-4.552	
931	-4.56757	
932	-4.56757	
933	-4.55414	
934	-4.55597	
935	-4.57642	
936	-4.56024	
937	-4.5462	
938	-4.57123	
939	-4.56055	
940	-4.55261	
941	-4.55872	
942	-4.58344	
943	-4.55963	
944	-4.56451	
945	-4.55444	
946	-4.56482	
947	-4.55658	
948	-4.54926	
949	-4.56879	
950	-4.57184	
951	-4.55322	
952	-4.56329	
953	-4.57581	
954	-4.55841	
955	-4.55719	
956	-4.57489	
957	-4.57855	
958	-4.5578	
959	-4.56787	
960	-4.58801	
961	-4.56085	
962	-4.55475	
963	-4.55627	
964	-4.57123	
965	-4.56238	
966	-4.5697	
967	-4.57672	
968	-4.56879	
969	-4.56238	
970	-4.55872	
971	-4.57153	
972	-4.57062	
973	-4.55383	
974	-4.55231	
975	-4.58435	
976	-4.56757	
977	-4.56146	
978	-4.57855	
979	-4.57123	
980	-4.54773	
981	-4.57245	
982	-4.56451	
983	-4.55811	
984	-4.57184	
985	-4.58191	
986	-4.57611	
987	-4.54224	
988	-4.5517	
989	-4.56238	
990	-4.55688	
991	-4.55902	
992	-4.57092	
993	-4.57306	
994	-4.5575	
995	-4.56024	
996	-4.57092	
997	-4.57123	
998	-4.54254	
999	-4.56818	
1000	-4.56512	
