Scan	  Chan 1	

1	-2.84302	
2	-2.8421	
3	-2.83325	
4	-2.84729	
5	-2.85492	
6	-2.84546	
7	-2.83997	
8	-2.85492	
9	-2.85187	
10	-2.84058	
11	-2.84698	
12	-2.84332	
13	-2.85492	
14	-2.85156	
15	-2.85126	
16	-2.8479	
17	-2.84698	
18	-2.84119	
19	-2.85095	
20	-2.85645	
21	-2.84698	
22	-2.84302	
23	-2.86835	
24	-2.84424	
25	-2.85583	
26	-2.84882	
27	-2.86011	
28	-2.84332	
29	-2.84973	
30	-2.86255	
31	-2.84576	
32	-2.85461	
33	-2.87048	
34	-2.86072	
35	-2.83783	
36	-2.84698	
37	-2.85156	
38	-2.87445	
39	-2.8656	
40	-2.85767	
41	-2.86713	
42	-2.85126	
43	-2.85461	
44	-2.86194	
45	-2.85004	
46	-2.85187	
47	-2.86255	
48	-2.86835	
49	-2.85889	
50	-2.84241	
51	-2.85095	
52	-2.85004	
53	-2.83844	
54	-2.85126	
55	-2.86621	
56	-2.85156	
57	-2.85461	
58	-2.86743	
59	-2.85278	
60	-2.8479	
61	-2.84363	
62	-2.85858	
63	-2.86224	
64	-2.85004	
65	-2.84424	
66	-2.86133	
67	-2.85461	
68	-2.85858	
69	-2.84912	
70	-2.85583	
71	-2.85828	
72	-2.85034	
73	-2.86835	
74	-2.85645	
75	-2.83844	
76	-2.85522	
77	-2.86407	
78	-2.8421	
79	-2.85858	
80	-2.87048	
81	-2.84607	
82	-2.854	
83	-2.87323	
84	-2.86163	
85	-2.84607	
86	-2.85095	
87	-2.85065	
88	-2.85614	
89	-2.86438	
90	-2.86041	
91	-2.86591	
92	-2.86194	
93	-2.84882	
94	-2.86163	
95	-2.86591	
96	-2.8598	
97	-2.86713	
98	-2.8717	
99	-2.85614	
100	-2.85095	
101	-2.86011	
102	-2.8537	
103	-2.84485	
104	-2.85706	
105	-2.87201	
106	-2.85309	
107	-2.8595	
108	-2.8656	
109	-2.85889	
110	-2.84058	
111	-2.85614	
112	-2.85522	
113	-2.87445	
114	-2.85706	
115	-2.85461	
116	-2.85339	
117	-2.86224	
118	-2.85919	
119	-2.85522	
120	-2.87842	
121	-2.85828	
122	-2.85522	
123	-2.87018	
124	-2.85736	
125	-2.84271	
126	-2.85767	
127	-2.85492	
128	-2.83386	
129	-2.85858	
130	-2.87659	
131	-2.84637	
132	-2.85583	
133	-2.87262	
134	-2.85828	
135	-2.84576	
136	-2.84943	
137	-2.85614	
138	-2.86774	
139	-2.85736	
140	-2.86621	
141	-2.85217	
142	-2.85645	
143	-2.84515	
144	-2.85736	
145	-2.85858	
146	-2.8479	
147	-2.86041	
148	-2.86224	
149	-2.86163	
150	-2.85553	
151	-2.86041	
152	-2.8595	
153	-2.85095	
154	-2.87048	
155	-2.87689	
156	-2.85522	
157	-2.85095	
158	-2.86896	
159	-2.84607	
160	-2.84515	
161	-2.85492	
162	-2.85095	
163	-2.86041	
164	-2.854	
165	-2.86652	
166	-2.854	
167	-2.8595	
168	-2.85736	
169	-2.86713	
170	-2.86072	
171	-2.85919	
172	-2.87018	
173	-2.86957	
174	-2.85858	
175	-2.84851	
176	-2.8598	
177	-2.86957	
178	-2.84943	
179	-2.85156	
180	-2.87048	
181	-2.86743	
182	-2.85797	
183	-2.87048	
184	-2.86133	
185	-2.85004	
186	-2.85889	
187	-2.86194	
188	-2.8653	
189	-2.85522	
190	-2.86011	
191	-2.86346	
192	-2.85004	
193	-2.86621	
194	-2.86346	
195	-2.8598	
196	-2.85889	
197	-2.86835	
198	-2.8772	
199	-2.85889	
200	-2.85034	
201	-2.86621	
202	-2.86163	
203	-2.84546	
204	-2.85309	
205	-2.86285	
206	-2.86072	
207	-2.85736	
208	-2.86743	
209	-2.85187	
210	-2.83936	
211	-2.84149	
212	-2.85553	
213	-2.85431	
214	-2.84912	
215	-2.85889	
216	-2.86194	
217	-2.86285	
218	-2.84973	
219	-2.85858	
220	-2.85034	
221	-2.84912	
222	-2.85583	
223	-2.86987	
224	-2.84882	
225	-2.83722	
226	-2.8598	
227	-2.85431	
228	-2.84485	
229	-2.86041	
230	-2.86316	
231	-2.84851	
232	-2.8537	
233	-2.85767	
234	-2.8595	
235	-2.84668	
236	-2.84149	
237	-2.8595	
238	-2.84729	
239	-2.85461	
240	-2.854	
241	-2.85553	
242	-2.85309	
243	-2.83752	
244	-2.8598	
245	-2.85797	
246	-2.854	
247	-2.85583	
248	-2.87048	
249	-2.84973	
250	-2.83447	
251	-2.86896	
252	-2.84515	
253	-2.84149	
254	-2.84637	
255	-2.85736	
256	-2.85553	
257	-2.85736	
258	-2.86133	
259	-2.84668	
260	-2.84302	
261	-2.84607	
262	-2.86377	
263	-2.86255	
264	-2.84973	
265	-2.85461	
266	-2.85156	
267	-2.85553	
268	-2.84424	
269	-2.84973	
270	-2.85736	
271	-2.85919	
272	-2.86041	
273	-2.87689	
274	-2.85156	
275	-2.84607	
276	-2.8537	
277	-2.86133	
278	-2.84241	
279	-2.85522	
280	-2.86743	
281	-2.85065	
282	-2.85095	
283	-2.85706	
284	-2.85461	
285	-2.84943	
286	-2.83813	
287	-2.85309	
288	-2.84912	
289	-2.86224	
290	-2.86285	
291	-2.8479	
292	-2.85431	
293	-2.84302	
294	-2.86316	
295	-2.854	
296	-2.84424	
297	-2.8717	
298	-2.86316	
299	-2.85034	
300	-2.84668	
301	-2.85034	
302	-2.84912	
303	-2.83417	
304	-2.85492	
305	-2.85858	
306	-2.854	
307	-2.84729	
308	-2.84851	
309	-2.85431	
310	-2.84485	
311	-2.84912	
312	-2.85492	
313	-2.85278	
314	-2.84698	
315	-2.85339	
316	-2.85431	
317	-2.84882	
318	-2.84424	
319	-2.84973	
320	-2.86285	
321	-2.86346	
322	-2.85767	
323	-2.8714	
324	-2.85034	
325	-2.85339	
326	-2.8598	
327	-2.86591	
328	-2.83203	
329	-2.85492	
330	-2.8653	
331	-2.84607	
332	-2.84027	
333	-2.8714	
334	-2.86011	
335	-2.84271	
336	-2.84973	
337	-2.86621	
338	-2.86652	
339	-2.86377	
340	-2.85461	
341	-2.85583	
342	-2.86438	
343	-2.85431	
344	-2.86804	
345	-2.85461	
346	-2.85645	
347	-2.86133	
348	-2.86072	
349	-2.84943	
350	-2.84973	
351	-2.86346	
352	-2.85858	
353	-2.83234	
354	-2.8595	
355	-2.85828	
356	-2.86621	
357	-2.85095	
358	-2.86652	
359	-2.84729	
360	-2.83997	
361	-2.86041	
362	-2.86621	
363	-2.85797	
364	-2.85278	
365	-2.8537	
366	-2.85461	
367	-2.86011	
368	-2.84729	
369	-2.85278	
370	-2.8714	
371	-2.86346	
372	-2.86011	
373	-2.86957	
374	-2.85858	
375	-2.8479	
376	-2.85797	
377	-2.86011	
378	-2.84241	
379	-2.85797	
380	-2.86896	
381	-2.85767	
382	-2.84851	
383	-2.85553	
384	-2.85828	
385	-2.83508	
386	-2.85828	
387	-2.85828	
388	-2.85645	
389	-2.85583	
390	-2.8656	
391	-2.85553	
392	-2.85889	
393	-2.85034	
394	-2.85004	
395	-2.87567	
396	-2.86285	
397	-2.84576	
398	-2.86743	
399	-2.84943	
400	-2.84424	
401	-2.85309	
402	-2.86224	
403	-2.82898	
404	-2.8476	
405	-2.86804	
406	-2.85309	
407	-2.84607	
408	-2.85095	
409	-2.85522	
410	-2.83936	
411	-2.85187	
412	-2.8653	
413	-2.85919	
414	-2.85736	
415	-2.86041	
416	-2.8595	
417	-2.84515	
418	-2.84271	
419	-2.85645	
420	-2.86652	
421	-2.85187	
422	-2.85858	
423	-2.87323	
424	-2.85004	
425	-2.854	
426	-2.85614	
427	-2.84668	
428	-2.83569	
429	-2.85095	
430	-2.86804	
431	-2.86011	
432	-2.84546	
433	-2.85431	
434	-2.854	
435	-2.83783	
436	-2.86865	
437	-2.86224	
438	-2.84973	
439	-2.85217	
440	-2.85431	
441	-2.8537	
442	-2.84302	
443	-2.83661	
444	-2.84729	
445	-2.86621	
446	-2.85492	
447	-2.85797	
448	-2.87079	
449	-2.84088	
450	-2.83783	
451	-2.86591	
452	-2.86438	
453	-2.84912	
454	-2.86713	
455	-2.86041	
456	-2.85309	
457	-2.84729	
458	-2.86011	
459	-2.8476	
460	-2.85919	
461	-2.84729	
462	-2.85767	
463	-2.84729	
464	-2.85645	
465	-2.8476	
466	-2.85339	
467	-2.83936	
468	-2.84424	
469	-2.85095	
470	-2.85339	
471	-2.83875	
472	-2.84302	
473	-2.86377	
474	-2.85583	
475	-2.84607	
476	-2.8479	
477	-2.86346	
478	-2.85004	
479	-2.8598	
480	-2.86224	
481	-2.85858	
482	-2.84546	
483	-2.86377	
484	-2.85553	
485	-2.84546	
486	-2.85919	
487	-2.86438	
488	-2.85614	
489	-2.85065	
490	-2.84851	
491	-2.86072	
492	-2.86041	
493	-2.84119	
494	-2.85553	
495	-2.85278	
496	-2.86133	
497	-2.86224	
498	-2.8537	
499	-2.8595	
500	-2.84271	
501	-2.86377	
502	-2.85492	
503	-2.83508	
504	-2.85065	
505	-2.86682	
506	-2.85187	
507	-2.85339	
508	-2.84912	
509	-2.84637	
510	-2.84332	
511	-2.85461	
512	-2.86682	
513	-2.85339	
514	-2.8537	
515	-2.85645	
516	-2.85858	
517	-2.84851	
518	-2.84424	
519	-2.85492	
520	-2.8595	
521	-2.84515	
522	-2.85034	
523	-2.85645	
524	-2.85706	
525	-2.84882	
526	-2.86285	
527	-2.8595	
528	-2.85065	
529	-2.85614	
530	-2.8717	
531	-2.84607	
532	-2.85126	
533	-2.85828	
534	-2.8537	
535	-2.83508	
536	-2.86041	
537	-2.86469	
538	-2.85522	
539	-2.85889	
540	-2.86011	
541	-2.85431	
542	-2.84607	
543	-2.8479	
544	-2.85553	
545	-2.86285	
546	-2.8595	
547	-2.84485	
548	-2.8598	
549	-2.854	
550	-2.84973	
551	-2.85828	
552	-2.85858	
553	-2.84729	
554	-2.84607	
555	-2.86957	
556	-2.85736	
557	-2.8418	
558	-2.85736	
559	-2.8479	
560	-2.84729	
561	-2.85828	
562	-2.85889	
563	-2.85553	
564	-2.84515	
565	-2.86041	
566	-2.85431	
567	-2.84058	
568	-2.85797	
569	-2.84882	
570	-2.85889	
571	-2.84302	
572	-2.84912	
573	-2.85339	
574	-2.85645	
575	-2.83234	
576	-2.84454	
577	-2.85828	
578	-2.84637	
579	-2.85126	
580	-2.87079	
581	-2.84515	
582	-2.84302	
583	-2.84149	
584	-2.84943	
585	-2.84271	
586	-2.84912	
587	-2.86743	
588	-2.85858	
589	-2.84637	
590	-2.85431	
591	-2.85278	
592	-2.8479	
593	-2.84119	
594	-2.85309	
595	-2.84851	
596	-2.83783	
597	-2.84271	
598	-2.85065	
599	-2.84607	
600	-2.84637	
601	-2.85522	
602	-2.86194	
603	-2.8421	
604	-2.85004	
605	-2.85858	
606	-2.84515	
607	-2.83722	
608	-2.86682	
609	-2.8476	
610	-2.83264	
611	-2.84882	
612	-2.85706	
613	-2.85339	
614	-2.84973	
615	-2.85217	
616	-2.85309	
617	-2.84973	
618	-2.84149	
619	-2.85706	
620	-2.854	
621	-2.85004	
622	-2.83752	
623	-2.85492	
624	-2.8479	
625	-2.83234	
626	-2.85431	
627	-2.85461	
628	-2.83722	
629	-2.84454	
630	-2.86713	
631	-2.84668	
632	-2.83844	
633	-2.8479	
634	-2.84515	
635	-2.8363	
636	-2.84546	
637	-2.86011	
638	-2.85706	
639	-2.84454	
640	-2.8537	
641	-2.85065	
642	-2.84058	
643	-2.84668	
644	-2.8479	
645	-2.85614	
646	-2.84424	
647	-2.83478	
648	-2.8598	
649	-2.84119	
650	-2.83722	
651	-2.85339	
652	-2.85034	
653	-2.83173	
654	-2.84607	
655	-2.86591	
656	-2.84851	
657	-2.84882	
658	-2.85217	
659	-2.84058	
660	-2.83051	
661	-2.8479	
662	-2.8537	
663	-2.84729	
664	-2.8421	
665	-2.84027	
666	-2.83569	
667	-2.83447	
668	-2.84668	
669	-2.84882	
670	-2.84698	
671	-2.84668	
672	-2.83997	
673	-2.83478	
674	-2.83905	
675	-2.83997	
676	-2.85004	
677	-2.83478	
678	-2.83447	
679	-2.84882	
680	-2.85492	
681	-2.84607	
682	-2.83356	
683	-2.83844	
684	-2.83661	
685	-2.83417	
686	-2.84729	
687	-2.85339	
688	-2.83508	
689	-2.84241	
690	-2.84973	
691	-2.84973	
692	-2.83417	
693	-2.83875	
694	-2.85034	
695	-2.84271	
696	-2.83875	
697	-2.84546	
698	-2.84454	
699	-2.83325	
700	-2.83783	
701	-2.84424	
702	-2.85004	
703	-2.83936	
704	-2.84302	
705	-2.86255	
706	-2.85187	
707	-2.82776	
708	-2.85706	
709	-2.836	
710	-2.82196	
711	-2.83417	
712	-2.85522	
713	-2.84027	
714	-2.85217	
715	-2.85004	
716	-2.84668	
717	-2.8421	
718	-2.84454	
719	-2.84943	
720	-2.85004	
721	-2.83783	
722	-2.84668	
723	-2.84363	
724	-2.84515	
725	-2.83783	
726	-2.84729	
727	-2.85004	
728	-2.83417	
729	-2.85339	
730	-2.86438	
731	-2.83752	
732	-2.83173	
733	-2.84332	
734	-2.84058	
735	-2.83203	
736	-2.84943	
737	-2.86316	
738	-2.83081	
739	-2.83234	
740	-2.83875	
741	-2.84729	
742	-2.83295	
743	-2.84027	
744	-2.84119	
745	-2.86163	
746	-2.83173	
747	-2.83905	
748	-2.8421	
749	-2.82898	
750	-2.83936	
751	-2.84302	
752	-2.86804	
753	-2.83325	
754	-2.85126	
755	-2.85767	
756	-2.85217	
757	-2.83264	
758	-2.84912	
759	-2.85461	
760	-2.8421	
761	-2.84546	
762	-2.8595	
763	-2.85126	
764	-2.84058	
765	-2.84424	
766	-2.84546	
767	-2.84912	
768	-2.83722	
769	-2.8421	
770	-2.854	
771	-2.84576	
772	-2.84302	
773	-2.8421	
774	-2.84363	
775	-2.83813	
776	-2.84607	
777	-2.8418	
778	-2.82623	
779	-2.8479	
780	-2.86224	
781	-2.84149	
782	-2.8244	
783	-2.84546	
784	-2.8418	
785	-2.83569	
786	-2.83936	
787	-2.85889	
788	-2.83508	
789	-2.83386	
790	-2.84851	
791	-2.8476	
792	-2.83386	
793	-2.83722	
794	-2.8363	
795	-2.85156	
796	-2.84119	
797	-2.84302	
798	-2.8537	
799	-2.84058	
800	-2.83173	
801	-2.84729	
802	-2.84607	
803	-2.83234	
804	-2.84882	
805	-2.85461	
806	-2.84149	
807	-2.8302	
808	-2.8479	
809	-2.84973	
810	-2.8363	
811	-2.85309	
812	-2.854	
813	-2.83417	
814	-2.83722	
815	-2.84729	
816	-2.8363	
817	-2.83386	
818	-2.83447	
819	-2.83905	
820	-2.85034	
821	-2.83844	
822	-2.8479	
823	-2.84058	
824	-2.83569	
825	-2.83905	
826	-2.84943	
827	-2.83752	
828	-2.84271	
829	-2.85126	
830	-2.85858	
831	-2.84912	
832	-2.83356	
833	-2.84271	
834	-2.8476	
835	-2.83722	
836	-2.84027	
837	-2.86682	
838	-2.83936	
839	-2.83661	
840	-2.84363	
841	-2.84149	
842	-2.83447	
843	-2.8418	
844	-2.83661	
845	-2.85095	
846	-2.84973	
847	-2.83844	
848	-2.83844	
849	-2.84607	
850	-2.84882	
851	-2.84882	
852	-2.84271	
853	-2.84149	
854	-2.85645	
855	-2.86682	
856	-2.85309	
857	-2.84149	
858	-2.84271	
859	-2.85278	
860	-2.83936	
861	-2.84332	
862	-2.86255	
863	-2.85156	
864	-2.86285	
865	-2.84424	
866	-2.84058	
867	-2.84607	
868	-2.84027	
869	-2.8418	
870	-2.85309	
871	-2.83234	
872	-2.85004	
873	-2.836	
874	-2.84546	
875	-2.83356	
876	-2.84576	
877	-2.84027	
878	-2.83508	
879	-2.84576	
880	-2.86469	
881	-2.85004	
882	-2.83569	
883	-2.83813	
884	-2.8537	
885	-2.83081	
886	-2.85065	
887	-2.86865	
888	-2.83783	
889	-2.85034	
890	-2.83936	
891	-2.83691	
892	-2.84149	
893	-2.84332	
894	-2.84546	
895	-2.85889	
896	-2.85095	
897	-2.84149	
898	-2.83905	
899	-2.84576	
900	-2.84485	
901	-2.84271	
902	-2.8476	
903	-2.83813	
904	-2.84302	
905	-2.87537	
906	-2.83936	
907	-2.85065	
908	-2.85065	
909	-2.85614	
910	-2.83447	
911	-2.85004	
912	-2.85553	
913	-2.84027	
914	-2.84485	
915	-2.84271	
916	-2.85095	
917	-2.8421	
918	-2.84424	
919	-2.85309	
920	-2.85706	
921	-2.85156	
922	-2.84515	
923	-2.84302	
924	-2.85522	
925	-2.82745	
926	-2.84668	
927	-2.86285	
928	-2.84546	
929	-2.84119	
930	-2.86133	
931	-2.83936	
932	-2.83478	
933	-2.84607	
934	-2.85309	
935	-2.83478	
936	-2.8418	
937	-2.85858	
938	-2.85065	
939	-2.85278	
940	-2.8479	
941	-2.84546	
942	-2.84241	
943	-2.85309	
944	-2.84637	
945	-2.85522	
946	-2.84546	
947	-2.83478	
948	-2.84851	
949	-2.84485	
950	-2.84119	
951	-2.8537	
952	-2.85339	
953	-2.83325	
954	-2.84515	
955	-2.85858	
956	-2.85583	
957	-2.84058	
958	-2.84027	
959	-2.84637	
960	-2.84332	
961	-2.84058	
962	-2.85004	
963	-2.84973	
964	-2.84027	
965	-2.84424	
966	-2.84607	
967	-2.83508	
968	-2.8537	
969	-2.84973	
970	-2.85004	
971	-2.84546	
972	-2.85278	
973	-2.85522	
974	-2.8537	
975	-2.84088	
976	-2.85004	
977	-2.86316	
978	-2.8363	
979	-2.85095	
980	-2.8598	
981	-2.84973	
982	-2.82837	
983	-2.84119	
984	-2.85065	
985	-2.82776	
986	-2.85004	
987	-2.85828	
988	-2.84332	
989	-2.84973	
990	-2.854	
991	-2.84515	
992	-2.8418	
993	-2.8479	
994	-2.86011	
995	-2.85828	
996	-2.85126	
997	-2.8418	
998	-2.84515	
999	-2.85522	
1000	-2.84485	
