Scan	  Chan 1	

1	-5.25543	
2	-5.26489	
3	-5.27313	
4	-5.2594	
5	-5.26794	
6	-5.2771	
7	-5.28046	
8	-5.28046	
9	-5.26093	
10	-5.2713	
11	-5.27985	
12	-5.26672	
13	-5.28595	
14	-5.28717	
15	-5.2774	
16	-5.26398	
17	-5.27924	
18	-5.27069	
19	-5.26215	
20	-5.27649	
21	-5.29236	
22	-5.27649	
23	-5.27649	
24	-5.27893	
25	-5.2713	
26	-5.25452	
27	-5.2655	
28	-5.26062	
29	-5.27985	
30	-5.28503	
31	-5.27039	
32	-5.27893	
33	-5.27649	
34	-5.26611	
35	-5.27924	
36	-5.27649	
37	-5.26123	
38	-5.26611	
39	-5.29327	
40	-5.27191	
41	-5.25513	
42	-5.26978	
43	-5.27496	
44	-5.26062	
45	-5.27008	
46	-5.28137	
47	-5.27222	
48	-5.27405	
49	-5.26459	
50	-5.26642	
51	-5.25421	
52	-5.26276	
53	-5.27496	
54	-5.2774	
55	-5.25848	
56	-5.26184	
57	-5.271	
58	-5.26367	
59	-5.25421	
60	-5.27222	
61	-5.2832	
62	-5.24933	
63	-5.25299	
64	-5.28687	
65	-5.26306	
66	-5.25513	
67	-5.26184	
68	-5.26733	
69	-5.25391	
70	-5.26825	
71	-5.28137	
72	-5.26367	
73	-5.2713	
74	-5.26642	
75	-5.27222	
76	-5.25513	
77	-5.25604	
78	-5.271	
79	-5.26825	
80	-5.2652	
81	-5.26001	
82	-5.27191	
83	-5.26215	
84	-5.26093	
85	-5.26825	
86	-5.27039	
87	-5.25696	
88	-5.25787	
89	-5.27893	
90	-5.26489	
91	-5.25116	
92	-5.27924	
93	-5.26825	
94	-5.26184	
95	-5.27374	
96	-5.28503	
97	-5.26154	
98	-5.2594	
99	-5.26672	
100	-5.2652	
101	-5.2652	
102	-5.25879	
103	-5.26215	
104	-5.27496	
105	-5.26459	
106	-5.24811	
107	-5.27283	
108	-5.26886	
109	-5.26001	
110	-5.27374	
111	-5.27191	
112	-5.26001	
113	-5.26703	
114	-5.28534	
115	-5.27832	
116	-5.26031	
117	-5.25726	
118	-5.25696	
119	-5.26001	
120	-5.26215	
121	-5.28168	
122	-5.26123	
123	-5.2652	
124	-5.26581	
125	-5.27618	
126	-5.26184	
127	-5.25574	
128	-5.26031	
129	-5.27832	
130	-5.26154	
131	-5.26733	
132	-5.26642	
133	-5.26367	
134	-5.26276	
135	-5.26123	
136	-5.28229	
137	-5.25787	
138	-5.27283	
139	-5.29327	
140	-5.26123	
141	-5.2594	
142	-5.26917	
143	-5.26367	
144	-5.25726	
145	-5.271	
146	-5.29053	
147	-5.25757	
148	-5.28473	
149	-5.27466	
150	-5.26825	
151	-5.26672	
152	-5.27435	
153	-5.28381	
154	-5.27802	
155	-5.26489	
156	-5.27191	
157	-5.26978	
158	-5.2771	
159	-5.2597	
160	-5.26672	
161	-5.26733	
162	-5.25513	
163	-5.26978	
164	-5.28687	
165	-5.26245	
166	-5.2597	
167	-5.26825	
168	-5.26917	
169	-5.25848	
170	-5.26367	
171	-5.27008	
172	-5.25299	
173	-5.26581	
174	-5.26825	
175	-5.26947	
176	-5.26031	
177	-5.26825	
178	-5.26367	
179	-5.2713	
180	-5.26031	
181	-5.25543	
182	-5.26367	
183	-5.26947	
184	-5.25818	
185	-5.26306	
186	-5.27802	
187	-5.25146	
188	-5.26611	
189	-5.28778	
190	-5.26306	
191	-5.24994	
192	-5.271	
193	-5.27466	
194	-5.25696	
195	-5.26672	
196	-5.27802	
197	-5.26154	
198	-5.26154	
199	-5.26428	
200	-5.26215	
201	-5.26947	
202	-5.25665	
203	-5.25757	
204	-5.28107	
205	-5.25757	
206	-5.2594	
207	-5.271	
208	-5.25787	
209	-5.25665	
210	-5.26215	
211	-5.27008	
212	-5.25574	
213	-5.26398	
214	-5.27405	
215	-5.25787	
216	-5.25665	
217	-5.26489	
218	-5.25848	
219	-5.25726	
220	-5.26978	
221	-5.27283	
222	-5.26459	
223	-5.25635	
224	-5.26306	
225	-5.27466	
226	-5.2536	
227	-5.26428	
228	-5.26703	
229	-5.28229	
230	-5.26459	
231	-5.26459	
232	-5.26123	
233	-5.2655	
234	-5.25391	
235	-5.25879	
236	-5.26306	
237	-5.26398	
238	-5.26703	
239	-5.29419	
240	-5.28198	
241	-5.24597	
242	-5.26733	
243	-5.25391	
244	-5.24811	
245	-5.25391	
246	-5.26703	
247	-5.25146	
248	-5.26031	
249	-5.25635	
250	-5.25787	
251	-5.26367	
252	-5.26489	
253	-5.26215	
254	-5.27283	
255	-5.25543	
256	-5.26154	
257	-5.27008	
258	-5.2652	
259	-5.25665	
260	-5.26093	
261	-5.26703	
262	-5.25269	
263	-5.2652	
264	-5.27283	
265	-5.25818	
266	-5.25879	
267	-5.26489	
268	-5.26794	
269	-5.24872	
270	-5.25818	
271	-5.27985	
272	-5.27679	
273	-5.26855	
274	-5.26154	
275	-5.27344	
276	-5.26947	
277	-5.2594	
278	-5.26489	
279	-5.27924	
280	-5.26031	
281	-5.24841	
282	-5.26703	
283	-5.26672	
284	-5.25177	
285	-5.25574	
286	-5.27252	
287	-5.26276	
288	-5.25726	
289	-5.28168	
290	-5.27405	
291	-5.25635	
292	-5.27252	
293	-5.27069	
294	-5.2597	
295	-5.26611	
296	-5.27466	
297	-5.26367	
298	-5.26154	
299	-5.26489	
300	-5.27008	
301	-5.25085	
302	-5.26459	
303	-5.27466	
304	-5.27344	
305	-5.2652	
306	-5.26672	
307	-5.26886	
308	-5.2713	
309	-5.24475	
310	-5.26947	
311	-5.28259	
312	-5.26184	
313	-5.26733	
314	-5.28198	
315	-5.27832	
316	-5.24506	
317	-5.26886	
318	-5.26215	
319	-5.25848	
320	-5.27496	
321	-5.27191	
322	-5.26947	
323	-5.26703	
324	-5.2771	
325	-5.27283	
326	-5.26367	
327	-5.26276	
328	-5.26642	
329	-5.2771	
330	-5.27344	
331	-5.25726	
332	-5.26184	
333	-5.26093	
334	-5.25574	
335	-5.26886	
336	-5.26123	
337	-5.25757	
338	-5.2594	
339	-5.29205	
340	-5.25879	
341	-5.26031	
342	-5.26978	
343	-5.25513	
344	-5.25635	
345	-5.25604	
346	-5.26306	
347	-5.2594	
348	-5.26215	
349	-5.26886	
350	-5.25421	
351	-5.26184	
352	-5.25818	
353	-5.26062	
354	-5.26855	
355	-5.26062	
356	-5.25513	
357	-5.25269	
358	-5.25635	
359	-5.24841	
360	-5.26886	
361	-5.27039	
362	-5.25848	
363	-5.26642	
364	-5.27893	
365	-5.26855	
366	-5.2594	
367	-5.25452	
368	-5.26367	
369	-5.24719	
370	-5.26062	
371	-5.27008	
372	-5.25269	
373	-5.26245	
374	-5.26672	
375	-5.26184	
376	-5.24597	
377	-5.26001	
378	-5.27771	
379	-5.2774	
380	-5.26428	
381	-5.26489	
382	-5.26306	
383	-5.2597	
384	-5.25024	
385	-5.28168	
386	-5.26703	
387	-5.26215	
388	-5.26642	
389	-5.28137	
390	-5.26306	
391	-5.24139	
392	-5.26031	
393	-5.24597	
394	-5.25208	
395	-5.25604	
396	-5.2829	
397	-5.25635	
398	-5.25574	
399	-5.26123	
400	-5.25757	
401	-5.25879	
402	-5.2594	
403	-5.27252	
404	-5.27771	
405	-5.25787	
406	-5.2536	
407	-5.26215	
408	-5.26367	
409	-5.25879	
410	-5.27191	
411	-5.27039	
412	-5.26398	
413	-5.25208	
414	-5.29144	
415	-5.26154	
416	-5.26001	
417	-5.26367	
418	-5.26215	
419	-5.24445	
420	-5.26306	
421	-5.27466	
422	-5.26642	
423	-5.24872	
424	-5.26367	
425	-5.25391	
426	-5.25391	
427	-5.26276	
428	-5.26581	
429	-5.26917	
430	-5.25726	
431	-5.25116	
432	-5.26123	
433	-5.26276	
434	-5.24536	
435	-5.27863	
436	-5.26794	
437	-5.26855	
438	-5.26428	
439	-5.27313	
440	-5.25757	
441	-5.24323	
442	-5.26917	
443	-5.25848	
444	-5.25879	
445	-5.26001	
446	-5.27344	
447	-5.26062	
448	-5.25787	
449	-5.26001	
450	-5.2652	
451	-5.25421	
452	-5.26459	
453	-5.27222	
454	-5.25635	
455	-5.25787	
456	-5.24902	
457	-5.25665	
458	-5.2594	
459	-5.25269	
460	-5.26001	
461	-5.26428	
462	-5.25848	
463	-5.26489	
464	-5.26886	
465	-5.2597	
466	-5.25665	
467	-5.26398	
468	-5.27405	
469	-5.23987	
470	-5.26398	
471	-5.26733	
472	-5.25421	
473	-5.2533	
474	-5.26062	
475	-5.25085	
476	-5.25116	
477	-5.25513	
478	-5.26367	
479	-5.28564	
480	-5.25513	
481	-5.25665	
482	-5.26367	
483	-5.26123	
484	-5.25818	
485	-5.26825	
486	-5.27283	
487	-5.27191	
488	-5.2655	
489	-5.28076	
490	-5.26733	
491	-5.25208	
492	-5.27252	
493	-5.26123	
494	-5.2533	
495	-5.26947	
496	-5.289	
497	-5.26001	
498	-5.26306	
499	-5.26917	
500	-5.26917	
501	-5.26825	
502	-5.26245	
503	-5.27222	
504	-5.27466	
505	-5.2594	
506	-5.26642	
507	-5.26154	
508	-5.26428	
509	-5.25269	
510	-5.24872	
511	-5.26917	
512	-5.26001	
513	-5.25269	
514	-5.28717	
515	-5.26245	
516	-5.24353	
517	-5.26886	
518	-5.26642	
519	-5.27008	
520	-5.26428	
521	-5.2652	
522	-5.26672	
523	-5.26123	
524	-5.26031	
525	-5.26489	
526	-5.26154	
527	-5.25818	
528	-5.26611	
529	-5.26581	
530	-5.25848	
531	-5.25818	
532	-5.26215	
533	-5.26611	
534	-5.25818	
535	-5.26062	
536	-5.26093	
537	-5.26978	
538	-5.26367	
539	-5.27466	
540	-5.26489	
541	-5.24536	
542	-5.27679	
543	-5.2536	
544	-5.27191	
545	-5.27283	
546	-5.2774	
547	-5.27008	
548	-5.26459	
549	-5.26367	
550	-5.26428	
551	-5.26642	
552	-5.26794	
553	-5.27679	
554	-5.27069	
555	-5.25574	
556	-5.26703	
557	-5.26428	
558	-5.25787	
559	-5.25085	
560	-5.27283	
561	-5.28687	
562	-5.2597	
563	-5.26917	
564	-5.26947	
565	-5.26093	
566	-5.25818	
567	-5.26855	
568	-5.26123	
569	-5.26123	
570	-5.27496	
571	-5.27252	
572	-5.25665	
573	-5.25726	
574	-5.2774	
575	-5.26978	
576	-5.25391	
577	-5.25269	
578	-5.27405	
579	-5.27405	
580	-5.26398	
581	-5.26184	
582	-5.26794	
583	-5.27771	
584	-5.26062	
585	-5.26367	
586	-5.27466	
587	-5.26733	
588	-5.26703	
589	-5.28625	
590	-5.27344	
591	-5.25665	
592	-5.27649	
593	-5.27435	
594	-5.2655	
595	-5.25269	
596	-5.2832	
597	-5.27191	
598	-5.26062	
599	-5.27252	
600	-5.27191	
601	-5.27527	
602	-5.26245	
603	-5.28046	
604	-5.27344	
605	-5.26947	
606	-5.26642	
607	-5.27557	
608	-5.26154	
609	-5.25818	
610	-5.27557	
611	-5.27222	
612	-5.28351	
613	-5.27008	
614	-5.28534	
615	-5.26184	
616	-5.24994	
617	-5.27466	
618	-5.27496	
619	-5.25818	
620	-5.26672	
621	-5.29053	
622	-5.26733	
623	-5.26031	
624	-5.26978	
625	-5.27374	
626	-5.26581	
627	-5.2771	
628	-5.27893	
629	-5.27557	
630	-5.26459	
631	-5.26276	
632	-5.26794	
633	-5.26733	
634	-5.25848	
635	-5.26886	
636	-5.2655	
637	-5.26855	
638	-5.26306	
639	-5.2832	
640	-5.26611	
641	-5.25818	
642	-5.27496	
643	-5.27618	
644	-5.25757	
645	-5.26978	
646	-5.28229	
647	-5.27008	
648	-5.2478	
649	-5.26093	
650	-5.25696	
651	-5.26794	
652	-5.26215	
653	-5.28046	
654	-5.28168	
655	-5.27191	
656	-5.26581	
657	-5.27313	
658	-5.26947	
659	-5.26886	
660	-5.26459	
661	-5.28137	
662	-5.28534	
663	-5.27557	
664	-5.27924	
665	-5.25513	
666	-5.26367	
667	-5.2655	
668	-5.27863	
669	-5.26184	
670	-5.27863	
671	-5.28992	
672	-5.27557	
673	-5.26886	
674	-5.2594	
675	-5.27252	
676	-5.2771	
677	-5.26123	
678	-5.27924	
679	-5.27405	
680	-5.26855	
681	-5.26184	
682	-5.26917	
683	-5.26245	
684	-5.26398	
685	-5.26123	
686	-5.27313	
687	-5.2652	
688	-5.26001	
689	-5.27496	
690	-5.26642	
691	-5.26459	
692	-5.25574	
693	-5.27557	
694	-5.24933	
695	-5.25452	
696	-5.27527	
697	-5.27802	
698	-5.26062	
699	-5.26276	
700	-5.27954	
701	-5.27252	
702	-5.27466	
703	-5.27924	
704	-5.26459	
705	-5.27435	
706	-5.25421	
707	-5.27496	
708	-5.26123	
709	-5.25208	
710	-5.26001	
711	-5.26855	
712	-5.26642	
713	-5.25299	
714	-5.27557	
715	-5.26794	
716	-5.2478	
717	-5.26794	
718	-5.27435	
719	-5.25879	
720	-5.26489	
721	-5.28107	
722	-5.2713	
723	-5.25818	
724	-5.26276	
725	-5.26794	
726	-5.26215	
727	-5.26733	
728	-5.2713	
729	-5.26123	
730	-5.27435	
731	-5.26733	
732	-5.25574	
733	-5.26093	
734	-5.2536	
735	-5.26062	
736	-5.27771	
737	-5.25391	
738	-5.26398	
739	-5.28381	
740	-5.2478	
741	-5.2536	
742	-5.27344	
743	-5.26459	
744	-5.26733	
745	-5.26031	
746	-5.27771	
747	-5.27313	
748	-5.26154	
749	-5.25726	
750	-5.26703	
751	-5.25818	
752	-5.27496	
753	-5.26855	
754	-5.2652	
755	-5.26367	
756	-5.26093	
757	-5.27374	
758	-5.26306	
759	-5.25024	
760	-5.25391	
761	-5.2655	
762	-5.27008	
763	-5.26123	
764	-5.27069	
765	-5.27313	
766	-5.2594	
767	-5.26184	
768	-5.28503	
769	-5.26459	
770	-5.26398	
771	-5.28564	
772	-5.25848	
773	-5.25269	
774	-5.25665	
775	-5.25757	
776	-5.26031	
777	-5.26093	
778	-5.26276	
779	-5.27649	
780	-5.25604	
781	-5.26367	
782	-5.27222	
783	-5.26703	
784	-5.25452	
785	-5.27344	
786	-5.27313	
787	-5.26215	
788	-5.2597	
789	-5.27222	
790	-5.25757	
791	-5.25208	
792	-5.24902	
793	-5.26093	
794	-5.25177	
795	-5.25574	
796	-5.27313	
797	-5.2652	
798	-5.24445	
799	-5.26642	
800	-5.28168	
801	-5.26367	
802	-5.26398	
803	-5.26581	
804	-5.25757	
805	-5.26428	
806	-5.26093	
807	-5.26489	
808	-5.26794	
809	-5.23926	
810	-5.2594	
811	-5.27344	
812	-5.27008	
813	-5.25177	
814	-5.26428	
815	-5.26611	
816	-5.24048	
817	-5.25391	
818	-5.27618	
819	-5.26123	
820	-5.26672	
821	-5.27069	
822	-5.26031	
823	-5.24902	
824	-5.24689	
825	-5.26367	
826	-5.25543	
827	-5.26886	
828	-5.27222	
829	-5.26245	
830	-5.25177	
831	-5.2594	
832	-5.26855	
833	-5.26917	
834	-5.26031	
835	-5.26672	
836	-5.2713	
837	-5.25879	
838	-5.25787	
839	-5.27222	
840	-5.25696	
841	-5.23804	
842	-5.26093	
843	-5.27069	
844	-5.25391	
845	-5.25299	
846	-5.27527	
847	-5.26031	
848	-5.25024	
849	-5.25604	
850	-5.26306	
851	-5.26733	
852	-5.2594	
853	-5.27008	
854	-5.26794	
855	-5.26001	
856	-5.25818	
857	-5.2655	
858	-5.27466	
859	-5.24567	
860	-5.26978	
861	-5.271	
862	-5.25513	
863	-5.25726	
864	-5.2655	
865	-5.2652	
866	-5.24963	
867	-5.25543	
868	-5.2713	
869	-5.25787	
870	-5.27405	
871	-5.28137	
872	-5.26215	
873	-5.25818	
874	-5.2594	
875	-5.26489	
876	-5.26398	
877	-5.26093	
878	-5.27374	
879	-5.26001	
880	-5.27313	
881	-5.25665	
882	-5.25879	
883	-5.26703	
884	-5.24597	
885	-5.25879	
886	-5.25726	
887	-5.24963	
888	-5.24536	
889	-5.26154	
890	-5.2597	
891	-5.24475	
892	-5.25879	
893	-5.26794	
894	-5.24963	
895	-5.26093	
896	-5.28595	
897	-5.2655	
898	-5.23254	
899	-5.25391	
900	-5.25513	
901	-5.25879	
902	-5.25238	
903	-5.26825	
904	-5.26276	
905	-5.25208	
906	-5.26154	
907	-5.2533	
908	-5.25391	
909	-5.2417	
910	-5.26031	
911	-5.26245	
912	-5.25208	
913	-5.23834	
914	-5.25665	
915	-5.24719	
916	-5.23499	
917	-5.25818	
918	-5.2597	
919	-5.24963	
920	-5.25269	
921	-5.27008	
922	-5.24811	
923	-5.23438	
924	-5.24445	
925	-5.24597	
926	-5.26245	
927	-5.24597	
928	-5.27222	
929	-5.25299	
930	-5.24536	
931	-5.24933	
932	-5.26276	
933	-5.25574	
934	-5.23987	
935	-5.25604	
936	-5.26947	
937	-5.2536	
938	-5.25116	
939	-5.24872	
940	-5.2533	
941	-5.24658	
942	-5.24536	
943	-5.27252	
944	-5.24078	
945	-5.25787	
946	-5.27283	
947	-5.25696	
948	-5.23956	
949	-5.25513	
950	-5.25879	
951	-5.25848	
952	-5.25757	
953	-5.26703	
954	-5.25391	
955	-5.26581	
956	-5.25787	
957	-5.24689	
958	-5.2597	
959	-5.25574	
960	-5.26428	
961	-5.26825	
962	-5.24811	
963	-5.25574	
964	-5.25818	
965	-5.26642	
966	-5.23254	
967	-5.26154	
968	-5.2713	
969	-5.25116	
970	-5.25269	
971	-5.26215	
972	-5.2533	
973	-5.24292	
974	-5.25513	
975	-5.26703	
976	-5.26123	
977	-5.26031	
978	-5.27222	
979	-5.26123	
980	-5.25635	
981	-5.25177	
982	-5.26459	
983	-5.26123	
984	-5.25665	
985	-5.26398	
986	-5.27893	
987	-5.25696	
988	-5.25787	
989	-5.26733	
990	-5.25665	
991	-5.24384	
992	-5.271	
993	-5.28625	
994	-5.25543	
995	-5.27283	
996	-5.27863	
997	-5.2597	
998	-5.25269	
999	-5.25665	
1000	-5.26978	
