Scan	  Chan 1	

1	5.59052	
2	5.59296	
3	5.70709	
4	5.63599	
5	5.65308	
6	5.59631	
7	5.6012	
8	5.66467	
9	5.6311	
10	5.68909	
11	5.59265	
12	5.58868	
13	5.6842	
14	5.63232	
15	5.65918	
16	5.58563	
17	5.6012	
18	5.68726	
19	5.62714	
20	5.66772	
21	5.59692	
22	5.59418	
23	5.66925	
24	5.63477	
25	5.67871	
26	5.58472	
27	5.59845	
28	5.70282	
29	5.62958	
30	5.65247	
31	5.59937	
32	5.60608	
33	5.66528	
34	5.6308	
35	5.68909	
36	5.58624	
37	5.5896	
38	5.6781	
39	5.63324	
40	5.65887	
41	5.58838	
42	5.61218	
43	5.69519	
44	5.62836	
45	5.66254	
46	5.59357	
47	5.59631	
48	5.66345	
49	5.63477	
50	5.6781	
51	5.58533	
52	5.60211	
53	5.70374	
54	5.6308	
55	5.65216	
56	5.58868	
57	5.60974	
58	5.67078	
59	5.63019	
60	5.68726	
61	5.59235	
62	5.59509	
63	5.6778	
64	5.63934	
65	5.66162	
66	5.58167	
67	5.61646	
68	5.70251	
69	5.62714	
70	5.66254	
71	5.58838	
72	5.60516	
73	5.67383	
74	5.63202	
75	5.68054	
76	5.58228	
77	5.60486	
78	5.71564	
79	5.6311	
80	5.65277	
81	5.5896	
82	5.61859	
83	5.66864	
84	5.62347	
85	5.69031	
86	5.59082	
87	5.59998	
88	5.68024	
89	5.63293	
90	5.6665	
91	5.58197	
92	5.62134	
93	5.70251	
94	5.62592	
95	5.67108	
96	5.59235	
97	5.61035	
98	5.67169	
99	5.63477	
100	5.68359	
101	5.57983	
102	5.61279	
103	5.70557	
104	5.6308	
105	5.6546	
106	5.58624	
107	5.62286	
108	5.67444	
109	5.625	
110	5.68848	
111	5.59509	
112	5.61066	
113	5.68604	
114	5.63477	
115	5.66864	
116	5.58655	
117	5.62622	
118	5.70099	
119	5.62439	
120	5.65948	
121	5.59296	
122	5.62134	
123	5.67322	
124	5.62958	
125	5.68268	
126	5.58411	
127	5.61493	
128	5.70801	
129	5.63202	
130	5.65247	
131	5.59113	
132	5.63171	
133	5.68665	
134	5.62805	
135	5.68604	
136	5.58868	
137	5.61523	
138	5.67993	
139	5.63324	
140	5.672	
141	5.58441	
142	5.63477	
143	5.6955	
144	5.62286	
145	5.66437	
146	5.59479	
147	5.6308	
148	5.67169	
149	5.63019	
150	5.68146	
151	5.59052	
152	5.625	
153	5.70953	
154	5.62836	
155	5.65582	
156	5.5896	
157	5.63904	
158	5.68146	
159	5.62195	
160	5.68604	
161	5.59204	
162	5.62042	
163	5.68542	
164	5.62622	
165	5.67444	
166	5.59082	
167	5.64301	
168	5.70038	
169	5.6189	
170	5.65948	
171	5.59662	
172	5.64362	
173	5.67383	
174	5.62805	
175	5.68298	
176	5.59052	
177	5.63019	
178	5.71411	
179	5.62744	
180	5.65643	
181	5.59357	
182	5.65094	
183	5.68634	
184	5.62286	
185	5.68787	
186	5.59692	
187	5.62592	
188	5.69	
189	5.63171	
190	5.67017	
191	5.59326	
192	5.65369	
193	5.69916	
194	5.62103	
195	5.66498	
196	5.59631	
197	5.65277	
198	5.67413	
199	5.62836	
200	5.67963	
201	5.59296	
202	5.63202	
203	5.70953	
204	5.62439	
205	5.64911	
206	5.59753	
207	5.66071	
208	5.68329	
209	5.62103	
210	5.68359	
211	5.59784	
212	5.64209	
213	5.68909	
214	5.62347	
215	5.67139	
216	5.59387	
217	5.66223	
218	5.70374	
219	5.61859	
220	5.66467	
221	5.60669	
222	5.65948	
223	5.68604	
224	5.62653	
225	5.68329	
226	5.59357	
227	5.6485	
228	5.71075	
229	5.62378	
230	5.64514	
231	5.6015	
232	5.67322	
233	5.68878	
234	5.61859	
235	5.69	
236	5.60211	
237	5.63477	
238	5.68817	
239	5.62347	
240	5.66895	
241	5.59875	
242	5.67047	
243	5.70129	
244	5.61707	
245	5.66132	
246	5.60699	
247	5.66833	
248	5.67902	
249	5.6189	
250	5.68054	
251	5.6012	
252	5.65308	
253	5.70526	
254	5.62012	
255	5.64392	
256	5.60394	
257	5.66956	
258	5.69183	
259	5.61798	
260	5.67963	
261	5.60333	
262	5.6543	
263	5.68359	
264	5.62103	
265	5.66528	
266	5.59753	
267	5.67047	
268	5.7074	
269	5.61615	
270	5.64972	
271	5.61188	
272	5.67322	
273	5.67871	
274	5.61859	
275	5.67444	
276	5.60303	
277	5.68207	
278	5.70648	
279	5.6192	
280	5.64117	
281	5.60669	
282	5.69092	
283	5.69458	
284	5.61249	
285	5.66864	
286	5.60974	
287	5.66101	
288	5.69	
289	5.61829	
290	5.66864	
291	5.60791	
292	5.68115	
293	5.69214	
294	5.61249	
295	5.64789	
296	5.61768	
297	5.68237	
298	5.67993	
299	5.61646	
300	5.6778	
301	5.61096	
302	5.66864	
303	5.70038	
304	5.61432	
305	5.64148	
306	5.61157	
307	5.69275	
308	5.69183	
309	5.61584	
310	5.66742	
311	5.61768	
312	5.67169	
313	5.68695	
314	5.62286	
315	5.66528	
316	5.60913	
317	5.68848	
318	5.70221	
319	5.60974	
320	5.65094	
321	5.61798	
322	5.69061	
323	5.67688	
324	5.61218	
325	5.672	
326	5.60974	
327	5.68146	
328	5.70587	
329	5.61615	
330	5.63934	
331	5.61371	
332	5.70465	
333	5.69031	
334	5.6073	
335	5.67017	
336	5.62256	
337	5.6778	
338	5.68726	
339	5.61554	
340	5.66162	
341	5.61096	
342	5.70496	
343	5.69672	
344	5.60699	
345	5.65033	
346	5.62469	
347	5.70068	
348	5.67719	
349	5.6134	
350	5.67932	
351	5.61707	
352	5.67383	
353	5.69946	
354	5.60822	
355	5.63202	
356	5.61462	
357	5.71075	
358	5.68726	
359	5.60791	
360	5.66467	
361	5.62103	
362	5.67322	
363	5.67871	
364	5.61371	
365	5.66925	
366	5.61646	
367	5.69641	
368	5.70282	
369	5.6073	
370	5.6488	
371	5.62469	
372	5.70038	
373	5.672	
374	5.60699	
375	5.68024	
376	5.61798	
377	5.68329	
378	5.6955	
379	5.61432	
380	5.64117	
381	5.6189	
382	5.71289	
383	5.68726	
384	5.60272	
385	5.6662	
386	5.62683	
387	5.68604	
388	5.67688	
389	5.61646	
390	5.66223	
391	5.61584	
392	5.69641	
393	5.69305	
394	5.60547	
395	5.64972	
396	5.62836	
397	5.70679	
398	5.672	
399	5.6076	
400	5.67841	
401	5.62103	
402	5.68787	
403	5.69031	
404	5.60944	
405	5.63995	
406	5.61676	
407	5.71564	
408	5.68268	
409	5.60242	
410	5.66498	
411	5.62805	
412	5.68451	
413	5.67566	
414	5.61371	
415	5.66681	
416	5.61615	
417	5.69977	
418	5.68542	
419	5.60425	
420	5.6485	
421	5.62469	
422	5.70282	
423	5.66101	
424	5.60791	
425	5.67474	
426	5.6192	
427	5.68573	
428	5.68573	
429	5.60913	
430	5.63873	
431	5.61523	
432	5.7196	
433	5.67841	
434	5.60181	
435	5.65643	
436	5.62286	
437	5.6897	
438	5.67291	
439	5.6073	
440	5.66406	
441	5.61432	
442	5.69794	
443	5.6778	
444	5.60089	
445	5.64453	
446	5.62653	
447	5.71136	
448	5.66193	
449	5.6012	
450	5.67413	
451	5.60822	
452	5.68726	
453	5.67688	
454	5.60181	
455	5.64392	
456	5.61401	
457	5.71716	
458	5.67078	
459	5.60211	
460	5.66772	
461	5.62347	
462	5.68909	
463	5.66101	
464	5.61035	
465	5.66925	
466	5.61401	
467	5.71777	
468	5.67474	
469	5.59967	
470	5.64819	
471	5.62317	
472	5.71381	
473	5.65399	
474	5.59906	
475	5.6839	
476	5.61768	
477	5.6839	
478	5.6662	
479	5.60486	
480	5.64056	
481	5.61462	
482	5.72266	
483	5.65582	
484	5.59967	
485	5.65582	
486	5.61981	
487	5.69244	
488	5.65765	
489	5.60516	
490	5.67291	
491	5.61707	
492	5.69061	
493	5.66345	
494	5.59814	
495	5.64423	
496	5.62622	
497	5.70862	
498	5.64789	
499	5.59479	
500	5.68237	
501	5.61676	
502	5.70068	
503	5.6543	
504	5.60181	
505	5.6488	
506	5.61829	
507	5.71869	
508	5.65369	
509	5.59265	
510	5.65948	
511	5.62347	
512	5.68817	
513	5.64728	
514	5.60089	
515	5.66925	
516	5.61249	
517	5.69244	
518	5.65094	
519	5.59875	
520	5.65369	
521	5.62347	
522	5.70526	
523	5.63873	
524	5.59418	
525	5.69183	
526	5.61768	
527	5.68054	
528	5.65094	
529	5.59784	
530	5.65826	
531	5.61707	
532	5.7132	
533	5.64972	
534	5.59814	
535	5.66772	
536	5.62225	
537	5.69214	
538	5.63934	
539	5.60333	
540	5.67352	
541	5.61707	
542	5.68726	
543	5.64728	
544	5.59418	
545	5.64819	
546	5.62469	
547	5.70648	
548	5.63782	
549	5.59113	
550	5.68359	
551	5.62073	
552	5.67719	
553	5.64392	
554	5.59753	
555	5.64911	
556	5.61646	
557	5.71564	
558	5.64667	
559	5.58868	
560	5.65613	
561	5.62317	
562	5.68329	
563	5.6308	
564	5.59875	
565	5.67749	
566	5.61859	
567	5.68359	
568	5.6366	
569	5.59235	
570	5.64453	
571	5.62103	
572	5.70862	
573	5.62286	
574	5.58899	
575	5.69122	
576	5.61951	
577	5.672	
578	5.63232	
579	5.59662	
580	5.65948	
581	5.62134	
582	5.70587	
583	5.63263	
584	5.58685	
585	5.6601	
586	5.62927	
587	5.68756	
588	5.62378	
589	5.59937	
590	5.67963	
591	5.61646	
592	5.68115	
593	5.63965	
594	5.59265	
595	5.65521	
596	5.62744	
597	5.70679	
598	5.62103	
599	5.58685	
600	5.69	
601	5.62225	
602	5.66895	
603	5.62408	
604	5.5954	
605	5.65491	
606	5.61981	
607	5.70312	
608	5.62714	
609	5.58411	
610	5.65857	
611	5.63019	
612	5.68634	
613	5.60913	
614	5.59662	
615	5.68207	
616	5.62317	
617	5.67535	
618	5.62897	
619	5.59265	
620	5.65277	
621	5.62805	
622	5.69824	
623	5.61157	
624	5.58685	
625	5.69885	
626	5.63049	
627	5.66498	
628	5.61584	
629	5.59448	
630	5.66589	
631	5.62653	
632	5.69946	
633	5.61005	
634	5.58594	
635	5.67444	
636	5.63385	
637	5.68054	
638	5.6076	
639	5.59265	
640	5.68604	
641	5.62103	
642	5.67474	
643	5.61676	
644	5.58655	
645	5.65582	
646	5.62866	
647	5.69214	
648	5.60852	
649	5.59113	
650	5.68817	
651	5.63293	
652	5.65826	
653	5.6073	
654	5.59418	
655	5.67688	
656	5.62714	
657	5.69489	
658	5.60913	
659	5.58044	
660	5.66833	
661	5.63629	
662	5.68054	
663	5.60242	
664	5.59113	
665	5.68878	
666	5.62958	
667	5.67139	
668	5.60577	
669	5.58868	
670	5.66071	
671	5.63385	
672	5.69092	
673	5.59906	
674	5.5838	
675	5.69427	
676	5.6308	
677	5.65887	
678	5.60364	
679	5.59296	
680	5.67963	
681	5.62592	
682	5.69122	
683	5.60944	
684	5.58868	
685	5.66711	
686	5.63385	
687	5.68024	
688	5.59845	
689	5.59937	
690	5.69092	
691	5.63019	
692	5.67322	
693	5.60486	
694	5.59265	
695	5.65643	
696	5.63538	
697	5.68359	
698	5.59662	
699	5.58899	
700	5.69336	
701	5.6369	
702	5.65247	
703	5.59418	
704	5.59906	
705	5.67902	
706	5.63232	
707	5.68268	
708	5.59692	
709	5.58624	
710	5.672	
711	5.63385	
712	5.67322	
713	5.59296	
714	5.6012	
715	5.68268	
716	5.63019	
717	5.6604	
718	5.60181	
719	5.59937	
720	5.66132	
721	5.62958	
722	5.6839	
723	5.58899	
724	5.59296	
725	5.70068	
726	5.63324	
727	5.65186	
728	5.59052	
729	5.6012	
730	5.68756	
731	5.63049	
732	5.66956	
733	5.59418	
734	5.58716	
735	5.66498	
736	5.63721	
737	5.67688	
738	5.58716	
739	5.6012	
740	5.68787	
741	5.62744	
742	5.66101	
743	5.58929	
744	5.59509	
745	5.65735	
746	5.63171	
747	5.68878	
748	5.59387	
749	5.59387	
750	5.69794	
751	5.64148	
752	5.65033	
753	5.58838	
754	5.60944	
755	5.68604	
756	5.62805	
757	5.6781	
758	5.59113	
759	5.59296	
760	5.67413	
761	5.63507	
762	5.67688	
763	5.58807	
764	5.60089	
765	5.69885	
766	5.62775	
767	5.66132	
768	5.59448	
769	5.60669	
770	5.65826	
771	5.6311	
772	5.68542	
773	5.58472	
774	5.60059	
775	5.69794	
776	5.63934	
777	5.65033	
778	5.58563	
779	5.61157	
780	5.70038	
781	5.62592	
782	5.67902	
783	5.59784	
784	5.5957	
785	5.67719	
786	5.63782	
787	5.67688	
788	5.58777	
789	5.6073	
790	5.69611	
791	5.6308	
792	5.66101	
793	5.59418	
794	5.6076	
795	5.67261	
796	5.63599	
797	5.68268	
798	5.58624	
799	5.60242	
800	5.69397	
801	5.63263	
802	5.64789	
803	5.58563	
804	5.61096	
805	5.68268	
806	5.63263	
807	5.67719	
808	5.59448	
809	5.60394	
810	5.67963	
811	5.63782	
812	5.67932	
813	5.58594	
814	5.61035	
815	5.70007	
816	5.62744	
817	5.66101	
818	5.59296	
819	5.61768	
820	5.66681	
821	5.62805	
822	5.68878	
823	5.58044	
824	5.6076	
825	5.70312	
826	5.63263	
827	5.65308	
828	5.58563	
829	5.62408	
830	5.69458	
831	5.6308	
832	5.67535	
833	5.58929	
834	5.60211	
835	5.68115	
836	5.63354	
837	5.67505	
838	5.58655	
839	5.625	
840	5.69946	
841	5.62469	
842	5.6604	
843	5.59265	
844	5.62744	
845	5.67383	
846	5.62805	
847	5.68878	
848	5.58838	
849	5.61615	
850	5.70435	
851	5.63171	
852	5.65338	
853	5.58868	
854	5.63507	
855	5.69489	
856	5.62317	
857	5.6778	
858	5.59326	
859	5.61523	
860	5.68665	
861	5.62836	
862	5.68329	
863	5.5838	
864	5.62836	
865	5.71198	
866	5.62469	
867	5.66406	
868	5.59296	
869	5.62897	
870	5.67474	
871	5.63141	
872	5.69061	
873	5.58594	
874	5.62317	
875	5.69794	
876	5.63141	
877	5.65948	
878	5.59113	
879	5.64331	
880	5.70007	
881	5.62408	
882	5.67627	
883	5.59418	
884	5.62866	
885	5.68054	
886	5.63141	
887	5.67963	
888	5.58868	
889	5.63324	
890	5.70984	
891	5.62347	
892	5.65948	
893	5.5957	
894	5.64148	
895	5.67322	
896	5.62134	
897	5.69092	
898	5.59357	
899	5.62744	
900	5.69855	
901	5.62958	
902	5.65796	
903	5.59235	
904	5.64423	
905	5.69916	
906	5.62225	
907	5.67444	
908	5.59875	
909	5.63446	
910	5.68268	
911	5.62805	
912	5.68207	
913	5.59265	
914	5.64026	
915	5.70831	
916	5.61829	
917	5.65735	
918	5.60211	
919	5.65704	
920	5.67963	
921	5.62317	
922	5.69122	
923	5.59692	
924	5.63782	
925	5.69397	
926	5.62622	
927	5.65277	
928	5.59296	
929	5.66223	
930	5.69794	
931	5.61646	
932	5.66772	
933	5.59967	
934	5.64026	
935	5.68054	
936	5.62744	
937	5.67627	
938	5.59418	
939	5.64667	
940	5.70801	
941	5.61981	
942	5.65735	
943	5.60333	
944	5.66254	
945	5.67535	
946	5.62225	
947	5.68756	
948	5.60181	
949	5.64331	
950	5.69946	
951	5.62531	
952	5.65308	
953	5.59723	
954	5.67474	
955	5.69977	
956	5.61829	
957	5.66132	
958	5.60577	
959	5.64514	
960	5.68756	
961	5.62469	
962	5.67505	
963	5.59723	
964	5.65857	
965	5.70984	
966	5.62103	
967	5.64941	
968	5.60699	
969	5.67139	
970	5.67627	
971	5.61676	
972	5.68451	
973	5.61005	
974	5.65277	
975	5.69824	
976	5.62317	
977	5.65369	
978	5.60333	
979	5.6839	
980	5.69916	
981	5.61554	
982	5.66284	
983	5.61066	
984	5.66315	
985	5.6897	
986	5.62775	
987	5.67047	
988	5.60089	
989	5.64484	
990	5.70862	
991	5.61493	
992	5.65613	
993	5.60974	
994	5.67902	
995	5.67841	
996	5.6189	
997	5.6839	
998	5.61005	
999	5.6604	
1000	5.69672	
