Scan	  Chan 1	

1	-5.97321	
2	-5.87463	
3	-5.95337	
4	-5.45349	
5	-5.8493	
6	-5.95001	
7	-6.20422	
8	-5.89417	
9	-5.35706	
10	-6.08887	
11	-6.06934	
12	-5.66406	
13	-5.43884	
14	-5.86456	
15	-5.59692	
16	-5.45441	
17	-5.81512	
18	-5.75439	
19	-5.63934	
20	-6.04034	
21	-6.02936	
22	-5.92712	
23	-5.50018	
24	-5.99548	
25	-6.12885	
26	-5.74951	
27	-5.46997	
28	-5.77454	
29	-6.02112	
30	-5.98938	
31	-5.85602	
32	-5.53101	
33	-5.79315	
34	-5.82855	
35	-5.61401	
36	-5.8725	
37	-5.49255	
38	-5.513	
39	-5.58746	
40	-6.03973	
41	-5.91125	
42	-5.68176	
43	-5.79071	
44	-5.88989	
45	-6.05927	
46	-6.22955	
47	-5.81055	
48	-5.89172	
49	-5.99701	
50	-5.76965	
51	-6.04523	
52	-6.23871	
53	-6.14899	
54	-5.94696	
55	-5.86365	
56	-5.47882	
57	-6.02509	
58	-6.00006	
59	-5.59937	
60	-6.11572	
61	-5.78552	
62	-6.27502	
63	-6.02081	
64	-6.06262	
65	-6.09894	
66	-5.79651	
67	-5.94574	
68	-5.49774	
69	-6.1438	
70	-6.06903	
71	-5.98114	
72	-5.94696	
73	-6.03394	
74	-6.14594	
75	-6.1441	
76	-6.1142	
77	-5.96191	
78	-6.3385	
79	-5.77393	
80	-5.68573	
81	-5.61401	
82	-6.02509	
83	-6.1145	
84	-6.18286	
85	-6.08643	
86	-5.5835	
87	-5.98236	
88	-6.09528	
89	-5.69946	
90	-6.06628	
91	-6.05652	
92	-5.95154	
93	-6.16913	
94	-6.2146	
95	-6.21735	
96	-6.02234	
97	-6.03882	
98	-6.0495	
99	-5.17822	
100	-5.98541	
101	-6.05499	
102	-5.90363	
103	-5.82306	
104	-5.59296	
105	-6.2204	
106	-6.0733	
107	-5.48157	
108	-6.19568	
109	-6.18195	
110	-6.25519	
111	-6.13678	
112	-5.78949	
113	-5.92865	
114	-5.88837	
115	-5.49133	
116	-6.06232	
117	-5.36896	
118	-5.87402	
119	-5.44739	
120	-6.15326	
121	-6.04156	
122	-6.11664	
123	-6.05225	
124	-6.073	
125	-5.91736	
126	-5.87891	
127	-5.94055	
128	-6.14899	
129	-6.10077	
130	-6.01166	
131	-5.88806	
132	-5.93384	
133	-5.95673	
134	-5.86884	
135	-5.95184	
136	-5.94147	
137	-6.01196	
138	-5.66376	
139	-5.66742	
140	-6.09985	
141	-5.78796	
142	-5.71564	
143	-6.07788	
144	-6.04614	
145	-5.49957	
146	-5.95215	
147	-5.74768	
148	-6.10046	
149	-6.02844	
150	-6.11603	
151	-5.46448	
152	-6.15448	
153	-5.72693	
154	-5.95276	
155	-5.85785	
156	-6.11389	
157	-5.7312	
158	-5.97137	
159	-6.05499	
160	-6.1731	
161	-5.48645	
162	-5.8136	
163	-5.97565	
164	-5.92072	
165	-5.97015	
166	-5.8667	
167	-6.10718	
168	-6.05682	
169	-5.96832	
170	-5.82611	
171	-5.7663	
172	-6.07605	
173	-6.2265	
174	-5.72327	
175	-6.32568	
176	-6.09528	
177	-6.19019	
178	-6.073	
179	-6.19568	
180	-5.9613	
181	-5.98633	
182	-5.96832	
183	-5.83893	
184	-5.91888	
185	-5.99396	
186	-5.9726	
187	-5.87189	
188	-6.15936	
189	-5.77698	
190	-5.83008	
191	-6.07361	
192	-5.75165	
193	-6.1203	
194	-5.81482	
195	-5.77515	
196	-5.29694	
197	-6.01532	
198	-5.81299	
199	-5.54901	
200	-5.99426	
201	-6.13495	
202	-5.38269	
203	-6.01288	
204	-5.54199	
205	-5.71381	
206	-5.77515	
207	-5.63782	
208	-5.84991	
209	-6.08795	
210	-6.00281	
211	-5.75806	
212	-6.0495	
213	-6.01379	
214	-5.36804	
215	-6.09985	
216	-6.14349	
217	-5.80475	
218	-5.78094	
219	-5.93384	
220	-5.56488	
221	-6.18378	
222	-6.29242	
223	-5.69733	
224	-6.02112	
225	-5.95703	
226	-5.54443	
227	-5.98816	
228	-5.76904	
229	-5.61584	
230	-6.1203	
231	-5.97229	
232	-6.08887	
233	-5.73395	
234	-5.83832	
235	-6.18195	
236	-5.9613	
237	-6.01685	
238	-5.64331	
239	-5.90149	
240	-6.17493	
241	-5.94666	
242	-5.49774	
243	-6.09619	
244	-5.63934	
245	-5.67261	
246	-6.18713	
247	-6.07788	
248	-5.95032	
249	-6.14319	
250	-6.17676	
251	-5.93384	
252	-5.89142	
253	-5.97412	
254	-5.81757	
255	-5.9549	
256	-6.01776	
257	-5.6424	
258	-6.11115	
259	-6.22253	
260	-5.74097	
261	-6.01196	
262	-6.13373	
263	-5.72296	
264	-5.58502	
265	-5.9671	
266	-5.54321	
267	-5.57739	
268	-5.98816	
269	-5.98145	
270	-5.79956	
271	-6.06323	
272	-6.18286	
273	-6.15082	
274	-5.76782	
275	-5.9082	
276	-6.08765	
277	-5.98419	
278	-5.74463	
279	-6.13678	
280	-5.88135	
281	-5.6601	
282	-6.09497	
283	-6.06689	
284	-6.15662	
285	-5.88837	
286	-5.8725	
287	-5.85266	
288	-6.08704	
289	-5.30487	
290	-5.46509	
291	-5.18921	
292	-5.50415	
293	-5.69611	
294	-6.01044	
295	-6.10687	
296	-5.64789	
297	-5.9256	
298	-5.98053	
299	-5.73822	
300	-6.18134	
301	-5.68115	
302	-5.65399	
303	-5.88776	
304	-5.72693	
305	-5.49316	
306	-6.08551	
307	-5.82703	
308	-5.90607	
309	-6.07727	
310	-5.65216	
311	-5.56152	
312	-5.71472	
313	-5.86792	
314	-6.02112	
315	-5.8786	
316	-5.6665	
317	-5.8551	
318	-5.89661	
319	-5.59937	
320	-5.86975	
321	-5.95001	
322	-5.77057	
323	-5.68115	
324	-6.08887	
325	-5.80353	
326	-5.64117	
327	-6.08673	
328	-5.81482	
329	-6.04309	
330	-6.03577	
331	-5.64667	
332	-6.03729	
333	-6.23016	
334	-5.86456	
335	-5.3598	
336	-6.06598	
337	-6.02234	
338	-5.27802	
339	-6.06812	
340	-6.12427	
341	-5.70679	
342	-6.2442	
343	-5.97626	
344	-5.81329	
345	-6.07147	
346	-5.87799	
347	-6.13342	
348	-5.92896	
349	-5.56305	
350	-6.00281	
351	-6.22192	
352	-6.01135	
353	-5.49652	
354	-6.13495	
355	-5.95886	
356	-6.18011	
357	-6.02234	
358	-6.01898	
359	-6.02448	
360	-5.87219	
361	-5.70099	
362	-5.91339	
363	-6.16394	
364	-5.83649	
365	-5.97229	
366	-5.81512	
367	-5.92224	
368	-5.6424	
369	-6.05774	
370	-5.76202	
371	-5.93414	
372	-5.55298	
373	-6.03638	
374	-6.00433	
375	-5.88989	
376	-5.67566	
377	-6.07239	
378	-6.05103	
379	-6.05316	
380	-5.51697	
381	-6.04584	
382	-6.2323	
383	-5.83069	
384	-6.02325	
385	-6.0318	
386	-5.99243	
387	-6.00677	
388	-5.83466	
389	-6.0318	
390	-6.13068	
391	-5.92133	
392	-5.78949	
393	-5.75195	
394	-5.70007	
395	-5.64331	
396	-5.94238	
397	-6.08154	
398	-5.74921	
399	-6.04584	
400	-5.85541	
401	-5.48096	
402	-5.74005	
403	-5.11475	
404	-6.14594	
405	-5.67871	
406	-6.12854	
407	-5.98236	
408	-5.50262	
409	-5.5484	
410	-5.68146	
411	-5.99701	
412	-5.8963	
413	-5.96222	
414	-6.11298	
415	-6.11176	
416	-5.85022	
417	-5.93842	
418	-5.82184	
419	-5.61676	
420	-5.93903	
421	-5.9314	
422	-5.36194	
423	-6.2146	
424	-5.56305	
425	-6.13831	
426	-5.49408	
427	-5.96893	
428	-6.14929	
429	-5.43304	
430	-5.68207	
431	-5.25604	
432	-5.90759	
433	-5.79895	
434	-5.71777	
435	-5.93292	
436	-5.9082	
437	-5.85327	
438	-5.96161	
439	-5.85724	
440	-5.51514	
441	-5.06317	
442	-6.02264	
443	-6.07605	
444	-5.36804	
445	-5.98877	
446	-5.97473	
447	-5.53253	
448	-6.08917	
449	-6.00769	
450	-5.7373	
451	-6.14563	
452	-5.95703	
453	-6.04248	
454	-6.05286	
455	-6.15997	
456	-6.16669	
457	-5.21454	
458	-5.95703	
459	-6.03302	
460	-6.10474	
461	-6.01807	
462	-6.03302	
463	-5.92224	
464	-6.21063	
465	-5.93933	
466	-6.13739	
467	-6.04736	
468	-5.71777	
469	-6.13647	
470	-5.65613	
471	-6.08551	
472	-6.20239	
473	-5.79254	
474	-5.71747	
475	-5.96039	
476	-6.09314	
477	-5.26794	
478	-6.12244	
479	-5.81329	
480	-5.43396	
481	-6.03271	
482	-6.00616	
483	-5.90668	
484	-5.82825	
485	-5.5658	
486	-5.354	
487	-6.11664	
488	-5.96985	
489	-6.0144	
490	-5.30701	
491	-5.98816	
492	-6.01776	
493	-5.81573	
494	-6.05652	
495	-6.07391	
496	-5.92224	
497	-6.15845	
498	-5.83618	
499	-6.07513	
500	-6.06567	
501	-5.57556	
502	-6.11786	
503	-5.40405	
504	-5.73608	
505	-6.03363	
506	-5.71686	
507	-5.23407	
508	-5.46417	
509	-5.85205	
510	-6.07391	
511	-5.45715	
512	-5.35339	
513	-5.56213	
514	-5.88043	
515	-5.8609	
516	-6.21826	
517	-5.83313	
518	-5.8374	
519	-6.07422	
520	-6.15631	
521	-5.74249	
522	-5.92072	
523	-5.86548	
524	-5.92499	
525	-6.04736	
526	-5.69733	
527	-6.20636	
528	-5.99609	
529	-5.92163	
530	-5.92377	
531	-6.11633	
532	-5.79651	
533	-5.92133	
534	-6.14502	
535	-5.75256	
536	-5.66132	
537	-6.0611	
538	-5.77637	
539	-5.96741	
540	-6.12732	
541	-5.9256	
542	-6.20697	
543	-5.70557	
544	-5.9079	
545	-5.82611	
546	-5.7132	
547	-5.92224	
548	-6.11267	
549	-6.06903	
550	-5.74402	
551	-6.10016	
552	-5.87402	
553	-5.92255	
554	-5.56122	
555	-6.16211	
556	-6.24268	
557	-5.98663	
558	-6.26007	
559	-6.02631	
560	-5.94238	
561	-5.83496	
562	-5.60577	
563	-6.09192	
564	-5.98999	
565	-5.68817	
566	-6.01379	
567	-5.25177	
568	-5.82703	
569	-5.513	
570	-6.12274	
571	-6.04401	
572	-5.67322	
573	-6.16058	
574	-6.06201	
575	-5.93506	
576	-6.21429	
577	-5.71747	
578	-5.6897	
579	-5.76477	
580	-5.46936	
581	-6.05347	
582	-5.49438	
583	-6.14563	
584	-5.92316	
585	-6.07513	
586	-6.11816	
587	-6.0376	
588	-5.99701	
589	-6.07574	
590	-6.00861	
591	-5.94849	
592	-5.90424	
593	-6.01837	
594	-5.65826	
595	-6.04492	
596	-5.66742	
597	-5.6427	
598	-5.35278	
599	-5.96069	
600	-5.58563	
601	-5.75195	
602	-5.98877	
603	-5.60486	
604	-5.90424	
605	-5.9494	
606	-5.54352	
607	-6.30035	
608	-6.10382	
609	-5.76691	
610	-5.85449	
611	-6.08368	
612	-5.75592	
613	-5.72205	
614	-6.17371	
615	-6.0907	
616	-6.08765	
617	-6.0379	
618	-5.97168	
619	-5.68115	
620	-6.05377	
621	-5.88928	
622	-5.80475	
623	-5.9726	
624	-5.65369	
625	-6.12274	
626	-5.92957	
627	-6.01196	
628	-6.10352	
629	-5.71838	
630	-6.24695	
631	-5.90027	
632	-6.00189	
633	-5.90851	
634	-6.00342	
635	-6.19873	
636	-5.68146	
637	-5.8728	
638	-5.73822	
639	-5.61127	
640	-6.25641	
641	-5.79956	
642	-6.14166	
643	-6.0849	
644	-6.04462	
645	-6.05896	
646	-5.80292	
647	-5.45471	
648	-5.47241	
649	-5.5838	
650	-6.06506	
651	-5.68512	
652	-6.23871	
653	-5.51971	
654	-5.76019	
655	-5.98083	
656	-6.05499	
657	-5.92682	
658	-6.06445	
659	-5.51117	
660	-6.15356	
661	-5.81085	
662	-5.91064	
663	-5.9259	
664	-6.04218	
665	-6.02875	
666	-5.99365	
667	-6.03394	
668	-5.99518	
669	-6.24817	
670	-6.06476	
671	-5.08392	
672	-5.91522	
673	-5.78705	
674	-5.99182	
675	-6.02295	
676	-5.31769	
677	-5.87646	
678	-5.85052	
679	-5.62073	
680	-5.99701	
681	-5.49835	
682	-5.74188	
683	-5.76874	
684	-6.01044	
685	-5.85358	
686	-6.11084	
687	-5.94727	
688	-5.82367	
689	-5.62958	
690	-5.58136	
691	-6.05682	
692	-6.2439	
693	-6.16302	
694	-5.83374	
695	-6.04309	
696	-5.52887	
697	-6.22681	
698	-6.17889	
699	-6.20453	
700	-5.70709	
701	-5.30304	
702	-6.12579	
703	-5.7959	
704	-5.57831	
705	-5.93109	
706	-5.54108	
707	-5.91858	
708	-6.13861	
709	-6.08002	
710	-6.12244	
711	-5.40955	
712	-5.98907	
713	-6.09955	
714	-5.63019	
715	-5.74371	
716	-5.9552	
717	-6.19019	
718	-5.75867	
719	-6.12	
720	-6.1734	
721	-5.94696	
722	-6.04919	
723	-5.5368	
724	-5.84473	
725	-6.08978	
726	-6.05957	
727	-5.9787	
728	-5.95245	
729	-5.74402	
730	-5.93536	
731	-6.02448	
732	-6.1557	
733	-5.85602	
734	-5.99579	
735	-5.55389	
736	-5.8548	
737	-6.0199	
738	-5.69153	
739	-5.67719	
740	-5.99976	
741	-5.78583	
742	-5.73944	
743	-5.67657	
744	-6.06384	
745	-5.9848	
746	-5.94208	
747	-6.31866	
748	-5.32959	
749	-5.62531	
750	-5.80353	
751	-6.19507	
752	-5.96924	
753	-6.17828	
754	-6.23291	
755	-5.93201	
756	-6.13342	
757	-6.28235	
758	-5.83984	
759	-5.60974	
760	-5.36102	
761	-5.71075	
762	-6.03699	
763	-5.70343	
764	-5.98938	
765	-5.49713	
766	-5.52856	
767	-6.12122	
768	-5.61981	
769	-5.76599	
770	-5.42969	
771	-6.11237	
772	-6.11267	
773	-5.67444	
774	-6.14105	
775	-5.93811	
776	-6.24451	
777	-5.59479	
778	-5.62927	
779	-5.84625	
780	-6.05865	
781	-5.97595	
782	-5.9024	
783	-5.90149	
784	-6.10291	
785	-5.98419	
786	-6.06659	
787	-6.11389	
788	-5.24445	
789	-6.06476	
790	-5.14709	
791	-5.59174	
792	-5.99701	
793	-6.12915	
794	-5.88074	
795	-5.72205	
796	-5.62073	
797	-6.13525	
798	-5.78491	
799	-5.70435	
800	-5.56427	
801	-5.78949	
802	-5.66467	
803	-5.99976	
804	-6.06812	
805	-5.95581	
806	-5.55237	
807	-5.82642	
808	-5.94635	
809	-6.11938	
810	-5.39215	
811	-5.90332	
812	-6.06354	
813	-5.97687	
814	-5.96313	
815	-5.71259	
816	-6.04767	
817	-5.57159	
818	-5.65704	
819	-5.78583	
820	-6.13068	
821	-6.01349	
822	-6.30585	
823	-6.15997	
824	-5.96497	
825	-5.62042	
826	-5.33722	
827	-5.86761	
828	-5.58289	
829	-5.72235	
830	-6.11328	
831	-5.8252	
832	-5.53772	
833	-5.99884	
834	-6.20941	
835	-6.21552	
836	-5.99854	
837	-5.92194	
838	-5.9668	
839	-6.00311	
840	-5.59509	
841	-5.72357	
842	-6.13464	
843	-5.59296	
844	-5.99152	
845	-5.62561	
846	-6.02905	
847	-5.93933	
848	-6.04156	
849	-5.63141	
850	-6.15662	
851	-5.98724	
852	-6.01959	
853	-6.26923	
854	-6.04492	
855	-5.97839	
856	-5.73914	
857	-6.0083	
858	-5.70557	
859	-5.60242	
860	-6.12091	
861	-5.43304	
862	-5.71106	
863	-5.99548	
864	-5.70068	
865	-5.9494	
866	-5.9317	
867	-5.92896	
868	-5.56641	
869	-5.62042	
870	-5.63324	
871	-5.66437	
872	-5.74524	
873	-6.03424	
874	-5.68207	
875	-6.2149	
876	-5.99243	
877	-6.0379	
878	-5.90607	
879	-6.08459	
880	-6.21307	
881	-5.39062	
882	-5.41046	
883	-5.52155	
884	-5.89142	
885	-5.80811	
886	-6.07605	
887	-5.57587	
888	-5.65521	
889	-5.55267	
890	-5.48981	
891	-6.01257	
892	-5.98236	
893	-5.49774	
894	-6.08154	
895	-5.94269	
896	-6.1203	
897	-5.39673	
898	-5.93994	
899	-6.09497	
900	-6.14288	
901	-6.03546	
902	-6.18439	
903	-6.11938	
904	-6.18317	
905	-5.8197	
906	-5.6897	
907	-5.91003	
908	-5.76691	
909	-6.00128	
910	-6.12366	
911	-5.97595	
912	-6.17126	
913	-5.83038	
914	-5.17273	
915	-5.92621	
916	-6.1087	
917	-6.00403	
918	-6.06598	
919	-6.07422	
920	-5.9082	
921	-5.17761	
922	-6.09192	
923	-6.0144	
924	-5.81543	
925	-6.06293	
926	-5.42053	
927	-5.63416	
928	-6.18225	
929	-5.97595	
930	-6.04736	
931	-5.98755	
932	-5.94696	
933	-5.87006	
934	-5.80872	
935	-5.82977	
936	-5.52307	
937	-6.10016	
938	-5.64514	
939	-5.53131	
940	-6.01837	
941	-5.83191	
942	-6.08368	
943	-5.88593	
944	-5.53101	
945	-5.52002	
946	-5.61279	
947	-5.86334	
948	-5.92773	
949	-6.03302	
950	-5.68451	
951	-6.11786	
952	-5.95032	
953	-5.42786	
954	-6.02112	
955	-6.01379	
956	-6.15265	
957	-5.43488	
958	-6.01868	
959	-5.3302	
960	-5.95978	
961	-5.55328	
962	-5.60577	
963	-5.99243	
964	-6.12549	
965	-5.93964	
966	-6.03607	
967	-5.802	
968	-5.48767	
969	-5.97778	
970	-5.92346	
971	-6.138	
972	-5.91431	
973	-5.9552	
974	-6.00006	
975	-5.87677	
976	-5.62195	
977	-5.63141	
978	-6.18469	
979	-5.75531	
980	-5.97229	
981	-5.95367	
982	-5.43427	
983	-5.59509	
984	-5.849	
985	-6.13007	
986	-6.00281	
987	-5.47424	
988	-5.8078	
989	-5.76416	
990	-6.06964	
991	-5.72998	
992	-6.21582	
993	-6.02966	
994	-5.86456	
995	-6.0733	
996	-5.67261	
997	-5.54199	
998	-5.90607	
999	-5.96588	
1000	-6.04767	
